Formula SMILES Hf_298K_G4 Acyclic Alicyclic Conjugated Heterocyclic Hydrocarbon N-containing O-containing S-containing Cl-containing Sparse_Fragment_Containing
C4H10 CCCC -29.67332132 1 0 0 0 1 0 0 0 0 0
C4H10N2 C1CNCCN1 7.471742547 0 0 0 1 0 1 0 0 0 0
C4H10N2O CC(C)NC(N)=O -68.18110124 1 0 0 0 0 1 1 0 0 0
C4H10O CCC(C)O -69.58576251 1 0 0 0 0 0 1 0 0 0
C4H10O CC(C)CO -67.43591667 1 0 0 0 0 0 1 0 0 0
C4H10O CCCCO -65.30301358 1 0 0 0 0 0 1 0 0 0
C4H10O COC(C)C -60.12292679 1 0 0 0 0 0 1 0 0 0
C4H10O CCCOC -57.03307247 1 0 0 0 0 0 1 0 0 0
C4H10O2 CC(O)CCO -107.1218271 1 0 0 0 0 0 1 0 0 0
C4H10O2 OCCCCO -101.0550701 1 0 0 0 0 0 1 0 0 0
C4H10O2 COCCOC -82.780753 1 0 0 0 0 0 1 0 0 0
C4H10O2 CC(C)(C)OO -56.59856748 1 0 0 0 0 0 1 0 0 0
C4H10O2 CCOOCC -45.54813399 1 0 0 0 0 0 1 0 0 0
C4H10O3 COC(OC)OC -128.1638176 1 0 0 0 0 0 1 0 0 1
C4H10S CC(C)CS -22.70968162 1 0 0 0 0 0 0 1 0 0
C4H10S CCC(C)S -22.5760222 1 0 0 0 0 0 0 1 0 0
C4H10S CSC(C)C -21.29339381 1 0 0 0 0 0 0 1 0 0
C4H10S CCSCC -19.30293526 1 0 0 0 0 0 0 1 0 0
C4H10S2 CSSC(C)C -18.69972678 1 0 0 0 0 0 0 1 0 0
C4H10S2 CCSSCC -16.23047886 1 0 0 0 0 0 0 1 0 0
C4H10S2 SCCCCS -11.04725452 1 0 0 0 0 0 0 1 0 0
C4H11N CCC(C)N -23.90545784 1 0 0 0 0 1 0 0 0 0
C4H11N CCNCC -17.3341836 1 0 0 0 0 1 0 0 0 0
C4H11N CC(C)CN -23.1147965 1 0 0 0 0 1 0 0 0 0
C4H11N CCCCN -21.11178778 1 0 0 0 0 1 0 0 0 0
C4H11NO CCN(O)CC -29.15116432 1 0 0 0 0 1 1 0 0 1
C4H11NO2 OCCNCCO -90.19246105 1 0 0 0 0 1 1 0 0 0
C4H12N2 CC(C)(N)CN -21.36048059 1 0 0 0 0 1 0 0 0 0
C4H12N2 CCC(N)CN -16.1320756 1 0 0 0 0 1 0 0 0 0
C4H12N2 NCCCCN -12.65567574 1 0 0 0 0 1 0 0 0 0
C4H2 C#CC#C 109.9916253 1 0 0 0 1 0 0 0 0 0
C4H2N2 N#C\C=C\C#N 79.85956672 1 0 0 0 0 1 0 0 0 0
C4H2N2S N#Cc1cscn1 69.42363687 0 0 1 1 0 1 0 1 0 1
C4H2O4 OC1=C(O)C(=O)C1=O -97.70085602 0 1 0 0 0 0 1 0 0 0
C4H4N2 c1cncnc1 44.40022103 0 0 1 1 0 1 0 0 0 0
C4H4N2 c1cnccn1 48.81662937 0 0 1 1 0 1 0 0 0 0
C4H4N2 N#CCCC#N 49.44790343 1 0 0 0 0 1 0 0 0 0
C4H4N2 c1ccnnc1 66.62909985 0 0 1 1 0 1 0 0 0 1
C4H4N2O2 O=C1NC=CC(=O)N1 -71.49387866 0 0 0 1 0 1 1 0 0 0
C4H4N2O3 O=C1CC(=O)NC(=O)N1 -126.7476599 0 0 0 1 0 1 1 0 0 0
C4H4O OC(=C)C#C 28.91578158 1 0 0 0 0 0 1 0 0 0
C4H4O2 C=C1CC(=O)O1 -45.87047228 0 0 0 1 0 0 1 0 0 0
C4H4O3 O=C1CCC(=O)O1 -125.4075968 0 0 0 1 0 0 1 0 0 0
C4H4O4 O=C1COC(=O)CO1 -149.1516411 0 0 0 1 0 0 1 0 0 0
C4H4S s1cccc1 27.26282645 0 0 1 1 0 0 0 1 0 0
C4H5N C\C=C/C#N 35.17534336 1 0 0 0 0 1 0 0 0 0
C4H5N C/C=C/C#N 36.74474337 1 0 0 0 0 1 0 0 0 0
C4H5N [nH]1cccc1 26.03504726 0 0 1 1 0 1 0 0 0 0
C4H5N C=CCC#N 39.80761479 1 0 0 0 0 1 0 0 0 0
C4H5N N#CC1CC1 44.34952494 0 1 0 0 0 1 0 0 0 0
C4H5N3O NC1=CC=NC(=O)N1 -8.827532876 0 0 0 1 0 1 1 0 0 1
C4H5N3O2 CC1=NNC(=O)NC1=O -52.83949036 0 0 0 1 0 1 1 0 0 1
C4H5N3OS CC1=NNC(=S)NC1=O 5.909688319 0 0 0 1 0 1 1 1 0 1
C4H5NO Cc1oncc1 8.318854426 0 0 1 1 0 1 1 0 0 0
C4H5NO Cc1ccon1 9.29525843 0 0 1 1 0 1 1 0 0 0
C4H5NO2 O=C1CCC(=O)N1 -87.94075741 0 0 0 1 0 1 1 0 0 0
C4H5NO2 COC(=O)CC#N -60.0015467 1 0 0 0 0 1 1 0 0 0
C4H5NS Cc1cscn1 25.77982343 0 0 1 1 0 1 0 1 0 1
C4H6 CC#CC 40.08510591 1 0 0 0 1 0 0 0 0 0
C4H6 C#CCC 35.55637346 1 0 0 0 1 0 0 0 0 0
C4H6 C=CC=C 26.73359692 1 0 0 0 1 0 0 0 0 0
C4H6 C[CH]=[C]=[CH2] 38.90225144 1 0 0 0 1 0 0 0 0 0
C4H6N2 Cc1[nH]ccn1 20.73678953 0 0 1 1 0 1 0 0 0 1
C4H6N2O Cc1onc(N)c1 7.530503872 0 0 1 1 0 1 1 0 0 1
C4H6N2O Cc1nonc1C 25.96922833 0 0 1 1 0 1 1 0 0 1
C4H6N2O2 CC1(C)OC(=O)N=N1 -47.59777555 0 0 0 1 0 1 1 0 0 1
C4H6O CC(=O)C=C -26.06662411 1 0 0 0 0 0 1 0 0 0
C4H6O C\C=C/C=O -21.34273636 1 0 0 0 0 0 1 0 0 0
C4H6O CC(=C)C=O -25.3895419 1 0 0 0 0 0 1 0 0 0
C4H6O O=C1CCC1 -21.08985023 0 1 0 0 0 0 1 0 0 0
C4H6O O\C=C/C=C -13.69277414 1 0 0 0 0 0 1 0 0 0
C4H6O O/C=C/C=C -13.53777942 1 0 0 0 0 0 1 0 0 0
C4H6O OC(=C)C=C -16.49711186 1 0 0 0 0 0 1 0 0 0
C4H6O C1CC=CO1 -17.66616113 0 0 0 1 0 0 1 0 0 0
C4H6O C1OCC=C1 -14.79656247 0 0 0 1 0 0 1 0 0 0
C4H6O C=COC=C -2.568922097 1 0 0 0 0 0 1 0 0 0
C4H6O2 CC(=O)C(=O)C -78.41943122 1 0 0 0 0 0 1 0 0 0
C4H6O2 CC(=C)C(O)=O -79.71084474 1 0 0 0 0 0 1 0 0 0
C4H6O2 O=C1CCCO1 -87.96823567 0 0 0 1 0 0 1 0 0 0
C4H6O2 COC(=O)C=C -72.67521383 1 0 0 0 0 0 1 0 0 0
C4H6O2 CC(=O)C(C)=O -78.04480835 1 0 0 0 0 0 1 0 0 0
C4H6O2 CC(=O)C(C)=O -78.04355333 1 0 0 0 0 0 1 0 0 0
C4H6O2 CC(=O)OC=C -74.91918602 1 0 0 0 0 0 1 0 0 0
C4H6O2S CC(=O)SC(C)=O -78.27806937 1 0 0 0 0 0 1 1 0 1
C4H6O3 CC1COC(=O)O1 -132.6434702 0 0 0 1 0 0 1 0 0 1
C4H6O4 C(CC(=O)O)C(=O)O -195.0182235 1 0 0 0 0 0 1 0 0 0
C4H6O4 COC(=O)C(=O)OC -163.7074069 1 0 0 0 0 0 1 0 0 0
C4H6OS O=C1CCCS1 -40.60081524 0 0 0 1 0 0 1 1 0 1
C4H6OS O=C1CCSC1 -31.90542303 0 0 0 1 0 0 1 1 0 0
C4H6S C1SCC=C1 20.51703758 0 0 0 1 0 0 0 1 0 0
C4H6S C1CC=CS1 19.94914194 0 0 0 1 0 0 0 1 0 0
C4H6S C=CSC=C 40.00370207 1 0 0 0 0 0 0 1 0 0
C4H6S3 S=C1SCCCS1 26.31682042 0 0 0 1 0 0 0 1 0 1
C4H7Cl C/C=C/CCl -7.971363667 1 0 0 0 0 0 0 0 1 0
C4H7Cl CC(Cl)C=C -8.546161911 1 0 0 0 0 0 0 0 1 0
C4H7Cl C/C=C/CCl -7.96948114 1 0 0 0 0 0 0 0 1 0
C4H7Cl C\C=C/CCl -6.383138388 1 0 0 0 0 0 0 0 1 0
C4H7Cl CCC(Cl)=C -9.590964396 1 0 0 0 0 0 0 0 1 0
C4H7Cl ClCCC=C -5.977140065 1 0 0 0 0 0 0 0 1 0
C4H7Cl CC\C=C/Cl -7.158112003 1 0 0 0 0 0 0 0 1 1
C4H7Cl CC/C=C/Cl -6.870085372 1 0 0 0 0 0 0 0 1 1
C4H7N CC(C)C#N 6.704565404 1 0 0 0 0 1 0 0 0 0
C4H7N CCCC#N 7.919422828 1 0 0 0 0 1 0 0 0 0
C4H7N C1CC=NC1 16.76102464 0 0 0 1 0 1 0 0 0 0
C4H7NO O=C1CCCN1 -47.32557326 0 0 0 1 0 1 1 0 0 0
C4H7NO CC(=C)C(N)=O -38.85733931 1 0 0 0 0 1 1 0 0 0
C4H7NO CC1=NCCO1 -30.16508464 0 0 0 1 0 1 1 0 0 1
C4H7NO CCOCC#N -16.13963098 1 0 0 0 0 1 1 0 0 0
C4H7NO4 NC(CC(O)=O)C(O)=O -186.8288028 1 0 0 0 0 1 1 0 0 0
C4H8 C=CCC 0.376896784 1 0 0 0 1 0 0 0 0 0
C4H8 C/C=C/C -2.283741376 1 0 0 0 1 0 0 0 0 0
C4H8 C/C=C\C -0.959069877 1 0 0 0 1 0 0 0 0 0
C4H8 C1CCC1 7.003391824 0 1 0 0 1 0 0 0 0 0
c5h10 C1CCCC1 -17.70593222 0 1 0 0 1 0 0 0 0 0
C5H10 CC\C=C\C -6.993726084 1 0 0 0 1 0 0 0 0 0
C5H10 CC1(C)CC1 -2.266700787 0 1 0 0 1 0 0 0 0 0
C5H10N2 CCN(CC)C#N 20.99284393 1 0 0 0 0 1 0 0 0 1
C5H10N2 CN(C)CCC#N 21.35679915 1 0 0 0 0 1 0 0 0 0
C5H10N2O O=NN1CCCCC1 6.556013127 0 0 0 1 0 1 1 0 0 1
C5H10N2O3 N[C@@H](CCC(N)=O)C(O)=O -147.4718085 1 0 0 0 0 1 1 0 0 0
C5H10O CC(C)C(C)=O -62.48282318 1 0 0 0 0 0 1 0 0 0
C5H10O CCCC(C)=O -61.65137375 1 0 0 0 0 0 1 0 0 0
C5H10O CCC(=O)CC -61.86096176 1 0 0 0 0 0 1 0 0 0
C5H10O OC1CCCC1 -56.53843042 0 1 0 0 0 0 1 0 0 0
C5H10O CC(C)=C(C)O -51.19268125 1 0 0 0 0 0 1 0 0 0
C5H10O CCCCC=O -54.57307223 1 0 0 0 0 0 1 0 0 0
C5H10O C1CCOCC1 -52.78153404 0 0 0 1 0 0 1 0 0 0
C5H10O CC(C)OC=C -40.76097163 1 0 0 0 0 0 1 0 0 0
C5H10O CCCOC=C -36.25043694 1 0 0 0 0 0 1 0 0 0
C5H10O CC1(C)COC1 -35.25897272 0 0 0 1 0 0 1 0 0 0
C5H10O2 CC(C)(C)C(O)=O -116.2694884 1 0 0 0 0 0 1 0 0 0
C5H10O2 CC(C)CC(O)=O -115.0182354 1 0 0 0 0 0 1 0 0 0
C5H10O2 CCCCC(O)=O -113.0114616 1 0 0 0 0 0 1 0 0 0
C5H10O2 CCC(C)C(O)=O -113.3703968 1 0 0 0 0 0 1 0 0 0
C5H10O2 CC(C)OC(C)=O -114.956112 1 0 0 0 0 0 1 0 0 0
C5H10O2 CCOC(=O)CC -110.8660084 1 0 0 0 0 0 1 0 0 0
C5H10O2 CC(C)(C)OC=O -110.2748949 1 0 0 0 0 0 1 0 0 1
C5H10O2 COC(=O)C(C)C -109.4315228 1 0 0 0 0 0 1 0 0 0
C5H10O2 CC1OCCCO1 -88.11002198 0 0 0 1 0 0 1 0 0 0
C5H10O2 CC1CCOCO1 -88.01966068 0 0 0 1 0 0 1 0 0 0
C5H10O2 OCC1CCCO1 -88.30768731 0 0 0 1 0 0 1 0 0 0
C5H10O3 CCOC(=O)OCC -152.5398673 1 0 0 0 0 0 1 0 0 1
C5H10O3 COCCOC(C)=O -136.2051805 1 0 0 0 0 0 1 0 0 0
C5H10O3 OCC1OCCCO1 -121.247876 0 0 0 1 0 0 1 0 0 0
C5H10O3 C1COCOCCO1 -106.6808821 0 0 0 1 0 0 1 0 0 0
C5H10O5 C1OCOCOCOCO1 -178.490592 0 0 0 1 0 0 1 0 0 0
C5H10S CC1CCCS1 -14.88887199 0 0 0 1 0 0 0 1 0 0
C5H10S C1CCSCC1 -14.58202009 0 0 0 1 0 0 0 1 0 0
C5H10S CC1CCSC1 -14.57135244 0 0 0 1 0 0 0 1 0 0
C5H10S SC1CCCC1 -10.80253338 0 0 0 1 0 0 0 1 0 0
C5H10S CCSCC=C 6.068046081 1 0 0 0 0 0 0 1 0 0
C5H11Cl CCCCCCl -41.32155376 1 0 0 0 0 0 0 0 1 0
C5H11Cl CC(C)CCCl -42.66065796 1 0 0 0 0 0 0 0 1 0
C5H11ClO3 COC(CCl)(OC)OC -138.3204612 1 0 0 0 0 0 1 0 1 1
C5H11N NC1CCCC1 -11.90481077 0 1 0 0 0 1 0 0 0 0
C5H11N C1CCNCC1 -11.08904907 0 0 0 1 0 1 0 0 0 0
C5H11NO CC(C)(C)C(N)=O -74.65732453 1 0 0 0 0 1 1 0 0 0
C5H11NO CCC(=O)N(C)C -59.36932277 1 0 0 0 0 1 1 0 0 0
C5H11NO CN(C)CC(C)=O -42.80308517 1 0 0 0 0 1 1 0 0 0
C5H11NO2 CC(C)C(N)C(O)=O -113.2839998 1 0 0 0 0 1 1 0 0 0
C5H11NO2 NCCCCC(O)=O -104.0414197 1 0 0 0 0 1 1 0 0 0
C5H11NO2 COC(=O)CN(C)C -87.8642377 1 0 0 0 0 1 1 0 0 0
C5H11NO2 CCC(C)(C)ON=O -45.65798236 1 0 0 0 0 1 1 0 0 1
C5H11NO2S CSCCC(N)C(O)=O -99.78485384 1 0 0 0 0 1 1 1 0 0
C5H12 CC(C)(C)C -34.66882262 1 0 0 0 1 0 0 0 0 0
C5H12 CCC(C)C -36.12966358 1 0 0 0 1 0 0 0 0 0
C5H12N2 CCCCN=NC 20.20525302 1 0 0 0 0 1 0 0 0 0
C5H12N2O CC(C)(C)NC(N)=O -77.32945711 1 0 0 0 0 1 1 0 0 0
C5H12N2O CCCCNC(N)=O -71.78918015 1 0 0 0 0 1 1 0 0 0
C5H12N2O CCC(C)NC(N)=O -73.32532218 1 0 0 0 0 1 1 0 0 0
C5H12N2O CCNC(=O)NCC -66.92410287 1 0 0 0 0 1 1 0 0 0
C5H12N2O CCN(CC)C(N)=O -67.5679271 1 0 0 0 0 1 1 0 0 0
C5H12N2O CN(C)C(=O)N(C)C -42.23162372 1 0 0 0 0 1 1 0 0 0
C5H12N2S CN(C)C(=S)N(C)C 8.809861911 1 0 0 0 0 1 0 1 0 1
C5H12O CCC(C)(C)O -78.79498674 1 0 0 0 0 0 1 0 0 0
C5H12O CCC(O)CC -74.50219768 1 0 0 0 0 0 1 0 0 0
C5H12O CC(C)C(C)O -75.72144766 1 0 0 0 0 0 1 0 0 0
C5H12O CCCC(C)O -74.54737832 1 0 0 0 0 0 1 0 0 0
C5H12O CCC(C)CO -71.87042493 1 0 0 0 0 0 1 0 0 0
C5H12O CC(C)CCO -71.66711201 1 0 0 0 0 0 1 0 0 0
C5H12O CCCCCO -70.3556182 1 0 0 0 0 0 1 0 0 0
C5H12O COC(C)(C)C -68.12294118 1 0 0 0 0 0 1 0 0 0
C5H12O CCCOCC -64.88122969 1 0 0 0 0 0 1 0 0 0
C5H12O CCCCOC -62.02857377 1 0 0 0 0 0 1 0 0 0
C5H12O2 CCCC(O)CO -111.5004871 1 0 0 0 0 0 1 0 0 0
C5H12O2 OCCCCCO -106.3825237 1 0 0 0 0 0 1 0 0 0
C5H12O2 COC(C)(C)OC -103.4620968 1 0 0 0 0 0 1 0 0 1
C5H12O2 CCOCOCC -100.4889591 1 0 0 0 0 0 1 0 0 0
C5H12O3 COC(C)(OC)OC -136.9720636 1 0 0 0 0 0 1 0 0 1
C5H12O4 COC(OC)(OC)OC -175.9256711 1 0 0 0 0 0 1 0 0 1
C5H12S CC(C)(C)CS -30.91300893 1 0 0 0 0 0 0 1 0 0
C5H12S CCC(C)(C)S -30.47563516 1 0 0 0 0 0 0 1 0 0
C5H12S CC(C)C(C)S -28.80081364 1 0 0 0 0 0 0 1 0 0
C5H12S CSC(C)(C)C -29.32541116 1 0 0 0 0 0 0 1 0 0
C5H12S CCSC(C)C -26.62335741 1 0 0 0 0 0 0 1 0 0
C5H12S CCC(C)CS -27.24208128 1 0 0 0 0 0 0 1 0 0
C5H12S CC(C)CCS -27.31800987 1 0 0 0 0 0 0 1 0 0
C5H12S CCCCCS -25.83144105 1 0 0 0 0 0 0 1 0 0
C5H12S CCCSCC -24.36244248 1 0 0 0 0 0 0 1 0 0
C5H12S CCCCSC -24.07629837 1 0 0 0 0 0 0 1 0 0
C5H12S2 CSSC(C)(C)C -27.55440843 1 0 0 0 0 0 0 1 0 0
C5H12S2 SCCCCCS -16.19335799 1 0 0 0 0 0 0 1 0 0
C5H12S2 CCSCSCC -11.34334093 1 0 0 0 0 0 0 1 0 1
C5H14N2 CN(C)CCCN -8.569866797 1 0 0 0 0 1 0 0 0 0
C5H3N3 CC(C#N)(C#N)C#N 99.8889922 1 0 0 0 0 1 0 0 0 0
C5H4N2O2 OC(=O)c1cnccn1 -40.82295631 0 0 1 1 0 1 1 0 0 0
C5H4O2 O=Cc1occc1 -37.19248536 0 0 1 1 0 0 1 0 0 0
C5H5Cl3O2 ClC(Cl)(Cl)C(=O)OCC=C -82.52225687 1 0 0 0 0 0 1 0 1 0
C5H5N N#CC12CC1C2 83.93609516 0 1 0 0 0 1 0 0 0 0
C5H5N5 Nc1ncnc2nc[nH]c12 61.52206593 0 0 1 1 0 1 0 0 0 1
C5H5N5O NC1=NC(=O)c2[nH]cnc2N1 10.14629033 0 0 0 1 0 1 1 0 0 1
C5H5NO O=C1NC=CC=C1 -16.38224489 0 0 0 1 0 1 1 0 0 0
C5H5NO Oc1cccnc1 -7.358037961 0 0 1 1 0 1 1 0 0 0
C5H5NO O=C1C=CNC=C1 -6.911251553 0 0 0 1 0 1 1 0 0 0
C5H5NO2 CN1C(=O)C=CC1=O -60.27183812 0 0 0 1 0 1 1 0 0 0
C5H6 C1C=CC=C1 32.61038366 0 1 0 0 1 0 0 0 0 0
C5H6 C/C=C/C#C 62.38882326 1 0 0 0 1 0 0 0 0 0
C5H6 C#CC1CC1 70.85705721 0 1 0 0 1 0 0 0 0 0
C5H6 C1C2C=CC12 78.62185358 0 1 0 0 1 0 0 0 0 0
C5H6N2 Nc1ccccn1 28.08884993 0 0 1 1 0 1 0 0 0 1
C5H6N2 Nc1ccncc1 31.84260877 0 0 1 1 0 1 0 0 0 0
C5H6N2 Nc1cccnc1 34.69149963 0 0 1 1 0 1 0 0 0 0
C5H6N2 CC(C)(C#N)C#N 45.29514671 1 0 0 0 0 1 0 0 0 0
C5H6N2O2 CC1=CNC(=O)NC1=O -80.62842933 0 0 0 1 0 1 1 0 0 0
C5H6O2 OCc1occc1 -51.45394951 0 0 1 1 0 0 1 0 0 0
C5H6O3 O=C1CCCC(=O)O1 -128.1089252 0 0 0 1 0 0 1 0 0 0
C5H6S Cc1cscc1 19.29042245 0 0 1 1 0 0 0 1 0 0
C5H6S Cc1sccc1 19.3217979 0 0 1 1 0 0 0 1 0 0
C5H7Cl3O2 CC(C)OC(=O)C(Cl)(Cl)Cl -119.0289151 1 0 0 0 0 0 1 0 1 0
C5H7Cl3O2 CCCOC(=O)C(Cl)(Cl)Cl -114.3188325 1 0 0 0 0 0 1 0 1 0
C5H7N Cn1cccc1 23.97252303 0 0 1 1 0 1 0 0 0 0
C5H7N CC\C=C/C#N 30.53626717 1 0 0 0 0 1 0 0 0 0
C5H7N CC\C=C\C#N 30.81237113 1 0 0 0 0 1 0 0 0 0
C5H7N CC\C=C\C#N 30.81237113 1 0 0 0 0 1 0 0 0 0
C5H7N N#CC1CCC1 37.09436373 0 1 0 0 0 1 0 0 0 0
C5H7NO Cc1onc(C)c1 -1.871793888 0 0 1 1 0 1 1 0 0 0
C5H7NO2 O=C1CCCC(=O)N1 -94.26281274 0 0 0 1 0 1 1 0 0 0
C5H7NO2 CN1C(=O)CCC1=O -92.71788558 0 0 0 1 0 1 1 0 0 0
C5H8 CC(=C)C=C 18.4323782 1 0 0 0 1 0 0 0 0 0
C5H8 C1CC=CC1 9.209878428 0 1 0 0 1 0 0 0 0 0
C5H8 [CH2]=[C]1C[CH2]C1 29.55874028 0 1 0 0 1 0 0 0 0 0
C5H8 C=CC1CC1 31.21787408 0 1 0 0 1 0 0 0 0 0
C5H8 C[C](C)=[C]=[CH2] 30.87964672 1 0 0 0 1 0 0 0 0 0
C5H8 C[CH]=[C]=[CH]C 32.38190327 1 0 0 0 1 0 0 0 0 0
C5H8 CC[CH]=[C]=[CH2] 34.0366445 1 0 0 0 1 0 0 0 0 0
C5H8 C1CC12CC2 44.12824424 0 1 0 0 1 0 0 0 0 0
C5H8Cl2O ClCC1(CCl)COC1 -48.63659852 0 0 0 1 0 0 1 0 1 0
C5H8N2 CCc1[nH]ccn1 16.27027831 0 0 1 1 0 1 0 0 0 1
C5H8N2 C1CC2CC1N=N2 48.91957158 0 0 0 1 0 1 0 0 0 0
C5H8N2O Cc1noc(N)c1C 0.032496677 0 0 1 1 0 1 1 0 0 1
C5H8O O=C1CCCC1 -45.814862 0 1 0 0 0 0 1 0 0 0
C5H8O C\C=C/C(C)=O -29.59751941 1 0 0 0 0 0 1 0 0 0
C5H8O CCC(=C)C=O -29.96272965 1 0 0 0 0 0 1 0 0 0
C5H8O CC1=CCCO1 -29.17269581 0 0 0 1 0 0 1 0 0 0
C5H8O CC(=O)C1CC1 -28.29606574 0 1 0 0 0 0 1 0 0 0
C5H8O C1COC=CC1 -27.63529876 0 0 0 1 0 0 1 0 0 0
C5H8O C1CC2OC2C1 -22.00277798 0 0 0 1 0 0 1 0 0 0
C5H8O2 CC1OC=C(C)O1 -66.10886181 0 0 0 1 0 0 1 0 0 0
C5H8O2 CC1CCC(=O)O1 -98.16202153 0 0 0 1 0 0 1 0 0 0
C5H8O2 CCC(=C)C(O)=O -84.26144217 1 0 0 0 0 0 1 0 0 0
C5H8O2 C/C(O)=C/C(C)=O -78.51094969 1 0 0 0 0 0 1 0 0 0
C5H8O2 CC(=O)CC(C)=O -87.30674334 1 0 0 0 0 0 1 0 0 0
C5H8O2 CC1OCC(=C)O1 -66.1709852 0 0 0 1 0 0 1 0 0 0
C5H8O2 O=C1CCCCO1 -91.10442781 0 0 0 1 0 0 1 0 0 0
C5H8O2 CC1(C)COC1=O -83.62891309 0 0 0 1 0 0 1 0 0 0
C5H8O2 COC(=O)C(C)=C -79.16795161 1 0 0 0 0 0 1 0 0 0
C5H8O2 COC(=O)\C=C\C -81.39686358 1 0 0 0 0 0 1 0 0 0
C5H8O2 CCOC(=O)C=C -80.3037429 1 0 0 0 0 0 1 0 0 0
C5H8O2 COC(=O)C1CC1 -74.33801484 0 1 0 0 0 0 1 0 0 0
C5H8O4 CCC(C(O)=O)C(O)=O -192.4083157 1 0 0 0 0 0 1 0 0 0
C5H8O4 CC(=O)OCOC(C)=O -186.5015735 1 0 0 0 0 0 1 0 0 0
C5H8O4 COC(=O)CC(=O)OC -178.3527417 1 0 0 0 0 0 1 0 0 0
C5H8O4 CC(C)(C(O)=O)C(O)=O -195.6180243 1 0 0 0 0 0 1 0 0 0
C5H8OS O=C1CCSCC1 -39.25031802 0 0 0 1 0 0 1 1 0 0
C5H8OS O=C1CCCSC1 -38.66547964 0 0 0 1 0 0 1 1 0 0
C5H9ClO2 CCCOC(=O)CCl -111.7205563 1 0 0 0 0 0 1 0 1 0
C5H9N CC(C)(C)C#N -1.205087695 1 0 0 0 0 1 0 0 0 0
C5H9N CCC(C)C#N 1.152463618 1 0 0 0 0 1 0 0 0 0
C5H9N CCCCC#N 2.885015967 1 0 0 0 0 1 0 0 0 0
C5H9NO CN1CCCC1=O -50.62742778 0 0 0 1 0 1 1 0 0 0
C5H9NO CCC1=NCCO1 -34.64728358 0 0 0 1 0 1 1 0 0 1
C5H9NO CN(C)\C=C\C=O -19.19048189 1 0 0 0 0 1 1 0 0 0
C5H9NO2 OC(=O)C1CCCN1 -87.69474315 0 0 0 1 0 1 1 0 0 0
C5H9NO4 NC(CCC(O)=O)C(O)=O -189.2508897 1 0 0 0 0 1 1 0 0 0
C5HN3 N#CC=C(C#N)C#N 121.5425124 1 0 0 0 0 1 0 0 0 0
C5N4 N#CC(C#N)(C#N)C#N 162.8613379 1 0 0 0 0 1 0 0 0 0
C6H10 C1CCC=CC1 -0.340083197 0 1 0 0 1 0 0 0 0 0
C6H10 CC1CCC=C1 2.47303965 0 1 0 0 1 0 0 0 0 0
C6H10 CC1CC=CC1 2.063903782 0 1 0 0 1 0 0 0 0 0
C6H10 C1CC2CC2C1 12.52698885 0 1 0 0 1 0 0 0 0 0
C6H10 C/C=C/C=C\C 12.69955382 1 0 0 0 1 0 0 0 0 0
C6H10 CC(=C)C(C)=C 11.07932558 1 0 0 0 1 0 0 0 0 0
C6H10 C=CCCC=C 20.35579113 1 0 0 0 1 0 0 0 0 0
C6H10 CCCCC#C 29.95918887 1 0 0 0 1 0 0 0 0 0
C6H10 C1CC1C2CC2 32.33305541 0 1 0 0 1 0 0 0 0 0
C6H10Cl2O2 CC(C)COC(=O)C(Cl)Cl -121.2208255 1 0 0 0 0 0 1 0 1 1
C6H10Cl2O2 CCCCOC(=O)C(Cl)Cl -118.8237411 1 0 0 0 0 0 1 0 1 1
C6H10N2O2 ONC1=C(CCCC1)N=O 15.387381 0 1 0 0 0 1 1 0 0 1
C6H10O O=C1CCCCC1 -54.25538772 0 1 0 0 0 0 1 0 0 0
C6H10O CC(C)=CC(C)=O -39.62940794 1 0 0 0 0 0 1 0 0 0
C6H10O C1CCC2OC2C1 9.71476227 0 0 0 1 0 0 1 0 0 0
C6H10O2 CC(C(C)=O)C(C)=O -93.72794509 1 0 0 0 0 0 1 0 0 0
C6H10O2 O=C1CCCCCO1 -93.27111854 0 0 0 1 0 0 1 0 0 0
C6H10O2 CCOC(=O)\C=C\C -89.01598001 1 0 0 0 0 0 1 0 0 0
C6H10O2 COC(=O)C1CCC1 -78.92751782 0 1 0 0 0 0 1 0 0 0
C6H10O3 CC12COC(OC1)OC2 -120.7268786 0 0 0 1 0 0 1 0 0 1
C6H10O4 CC(OC(C)=O)OC(C)=O -197.7966377 1 0 0 0 0 0 1 0 0 0
C6H10O4 CC(=O)OCCOC(C)=O -190.7202187 1 0 0 0 0 0 1 0 0 0
C6H10O4 COC(=O)C(C)C(=O)OC -185.1391536 1 0 0 0 0 0 1 0 0 0
C6H11Cl ClC1CCCCC1 -39.04980622 0 1 0 0 0 0 0 0 1 0
C6H11ClO CCC1(CCl)COC1 -47.2517076 0 0 0 1 0 0 1 0 1 0
C6H11ClO2 CCOC(=O)CCCCl -123.2735267 1 0 0 0 0 0 1 0 1 0
C6H11ClO2 CCCOC(=O)CCCl -121.3715469 1 0 0 0 0 0 1 0 1 0
C6H11N3O4 NCC(=O)NCC(=O)NCC(O)=O -179.2429822 1 0 0 0 0 1 1 0 0 0
C6H11NO O=C1CCCCCN1 -54.44823223 0 0 0 1 0 1 1 0 0 0
C6H12 C1CCCCC1 -28.56864268 0 1 0 0 1 0 0 0 0 0
C6H12 CC1CCCC1 -24.55007504 0 1 0 0 1 0 0 0 0 0
C6H12 CC(C)=C(C)C -14.53440389 1 0 0 0 1 0 0 0 0 0
C6H12 CC\C(C)=C\C -13.73683995 1 0 0 0 1 0 0 0 0 0
C6H12 CC\C(C)=C/C -13.76947042 1 0 0 0 1 0 0 0 0 0
C6H12 C/C=C/C(C)C -13.96211568 1 0 0 0 1 0 0 0 0 0
C6H12 CCCC(C)=C -13.12376366 1 0 0 0 1 0 0 0 0 0
C6H12 C\C=C/C(C)C -12.57406578 1 0 0 0 1 0 0 0 0 0
C6H12 CC\C=C\CC -11.76395166 1 0 0 0 1 0 0 0 0 0
C6H12 CC(C)CC=C -11.86686313 1 0 0 0 1 0 0 0 0 0
C6H12 CCC\C=C/C -10.78880267 1 0 0 0 1 0 0 0 0 0
C6H12 CCCCC=C -9.751530293 1 0 0 0 1 0 0 0 0 0
C6H12 CCC1CCC1 -6.128920836 0 1 0 0 1 0 0 0 0 0
C6H12N2 CCN(CC)CC#N 17.41676799 1 0 0 0 0 1 0 0 0 0
C6H12N2 C1CN2CCN1CC2 23.40132132 0 0 0 1 0 1 0 0 0 0
C6H12N2 CC1(C)N=NC1(C)C 35.90067309 0 0 0 1 0 1 0 0 0 0
C6H12N4 C1N2CN3CN1CN(C2)C3 45.51942716 0 0 0 1 0 1 0 0 0 1
C6H12O CC(C)CC(C)=O -67.58186346 1 0 0 0 0 0 1 0 0 0
C6H12O CC(=O)C(C)(C)C -69.74237695 1 0 0 0 0 0 1 0 0 0
C6H12O CCC(=O)C(C)C -67.86926259 1 0 0 0 0 0 1 0 0 0
C6H12O CC1(O)CCCC1 -67.82784699 0 1 0 0 0 0 1 0 0 0
C6H12O CCC(C)C(C)=O -66.91921396 1 0 0 0 0 0 1 0 0 0
C6H12O CCCCC(C)=O -66.72217613 1 0 0 0 0 0 1 0 0 0
C6H12O CCCC(=O)CC -66.69080068 1 0 0 0 0 0 1 0 0 0
C6H12O CCCCOC=C -41.16310706 1 0 0 0 0 0 1 0 0 0
C6H12O2 CCCCOC(C)=O -115.6330964 1 0 0 0 0 0 1 0 0 0
C6H12O2 CC(=O)OC(C)(C)C -122.231981 1 0 0 0 0 0 1 0 0 0
C6H12O2 CCCCCC(O)=O -118.0653213 1 0 0 0 0 0 1 0 0 0
C6H12O2 COC(=O)CC(C)C -115.2440408 1 0 0 0 0 0 1 0 0 0
C6H12O2 COC(=O)C(C)(C)C -116.9778482 1 0 0 0 0 0 1 0 0 0
C6H12O2 CCC(C)C(=O)OC -114.0900517 1 0 0 0 0 0 1 0 0 0
C6H12O2 CCCC(=O)OCC -115.8790799 1 0 0 0 0 0 1 0 0 0
C6H12O2 CCCCC(=O)OC -113.1814187 1 0 0 0 0 0 1 0 0 0
C6H12O2 CC1(C)COCOC1 -97.11530579 0 1 0 0 0 0 1 0 0 0
C6H12O2 CC1COCOC1C -95.02005324 0 1 0 0 0 0 1 0 0 0
C6H12O2 CC(C)OCC1CO1 -69.12463934 0 1 0 0 0 0 1 0 0 0
C6H12O2 CCCOCC1CO1 -65.73420821 0 1 0 0 0 0 1 0 0 0
C6H12O2 OOC1CCCCC1 -50.91934823 0 1 0 0 0 0 1 0 0 0
C6H12O3 CC1OC(C)OC(C)O1 -144.0803206 0 0 0 1 0 0 1 0 0 0
C6H12O3 CCOCOC(=O)CC -148.6856092 1 0 0 0 0 0 1 0 0 0
C6H12S SC1CCCCC1 -21.7116795 0 1 0 0 0 0 0 1 0 0
C6H12S CSC1CCCC1 -14.57250961 0 1 0 0 0 0 0 1 0 0
C6H13N NC1CCCCC1 -22.6263317 0 1 0 0 0 1 0 0 0 0
C6H13N CC1CCCCN1 -17.31886057 0 0 0 1 0 1 0 0 0 0
C6H13N C1CCCNCC1 -9.163126101 0 0 0 1 0 1 0 0 0 0
C6H13NO CCN(CC)C(C)=O -68.38088167 1 0 0 0 0 1 1 0 0 0
C6H13NO CCCC(=O)N(C)C -64.31336833 1 0 0 0 0 1 1 0 0 0
C6H13NO2 CC(C)CC(N)C(O)=O -118.0052796 1 0 0 0 0 1 1 0 0 0
C6H13NO2 CC[C@H](C)[C@H](N)C(O)=O -116.3072403 1 0 0 0 0 1 1 0 0 0
C6H13NO2 NCCCCCC(O)=O -109.5244955 1 0 0 0 0 1 1 0 0 0
C6H14 CCCCCC -39.69381685 1 0 0 0 1 0 0 0 0 0
C6H14 CCC(C)(C)C -43.83098369 1 0 0 0 1 0 0 0 0 0
C6H14 CC(C)C(C)C -41.84178016 1 0 0 0 1 0 0 0 0 0
C6H14 CCCC(C)C -41.14336264 1 0 0 0 1 0 0 0 0 0
C6H14 CCC(C)CC -40.51083357 1 0 0 0 1 0 0 0 0 0
C6H14N2 CC(C)N=NC(C)C 6.459766222 1 0 0 0 0 1 0 0 0 0
C6H14N2 CCCN=NCCC 15.47518802 1 0 0 0 0 1 0 0 0 0
C6H14N2O2 NCCCCC(N)C(O)=O -107.6697782 1 0 0 0 0 1 1 0 0 0
C6H14N4O2 NC(CCCN=C(N)N)C(O)=O -90.61127738 1 0 0 0 0 1 1 0 0 1
C6H14O CC(C)C(C)(C)O -84.27555251 1 0 0 0 0 0 1 0 0 0
C6H14O CCCC(C)(C)O -83.82060848 1 0 0 0 0 0 1 0 0 0
C6H14O CCC(C)(O)CC -83.11528836 1 0 0 0 0 0 1 0 0 0
C6H14O CC(C)CC(C)O -80.71883149 1 0 0 0 0 0 1 0 0 0
C6H14O CCC(O)C(C)C -80.39064429 1 0 0 0 0 0 1 0 0 0
C6H14O CCCCC(C)O -79.62069074 1 0 0 0 0 0 1 0 0 0
C6H14O CCCC(O)CC -79.50146403 1 0 0 0 0 0 1 0 0 0
C6H14O CC(C)OC(C)C -76.52769888 1 0 0 0 0 0 1 0 0 0
C6H14O CCOC(C)(C)C -76.22586705 1 0 0 0 0 0 1 0 0 0
C6H14O CCCCCCO -75.38939756 1 0 0 0 0 0 1 0 0 0
C6H14O CCC(C)(C)OC -72.59258994 1 0 0 0 0 0 1 0 0 0
C6H14O CCCOCCC -69.57238913 1 0 0 0 0 0 1 0 0 0
C6H14O2 CC(C)(O)C(C)(C)O -129.0091453 1 0 0 0 0 0 1 0 0 0
C6H14O2 CCCC[C@H](O)CO -116.1847439 1 0 0 0 0 0 1 0 0 0
C6H14O2 OCCCCCCO -111.1257663 1 0 0 0 0 0 1 0 0 0
C6H14O2 CCOC(C)OCC -108.7895503 1 0 0 0 0 0 1 0 0 0
C6H14O2 CCCC(OC)OC -103.8008538 1 0 0 0 0 0 1 0 0 0
C6H14O2 CCOCCOCC -98.88934085 1 0 0 0 0 0 1 0 0 0
C6H14O3 CC(C)(C)OOCCO -99.72114902 1 0 0 0 0 0 1 0 0 0
C6H14S CCSC(C)(C)C -34.61019411 1 0 0 0 0 0 0 1 0 0
C6H14S CCCC(C)(C)S -35.55020259 1 0 0 0 0 0 0 1 0 0
C6H14S CC(C)C(C)(C)S -35.74535789 1 0 0 0 0 0 0 1 0 0
C6H14S CC(C)SC(C)C -34.01468807 1 0 0 0 0 0 0 1 0 0
C6H14S CCCCCCS -30.8934583 1 0 0 0 0 0 0 1 0 0
C6H14S CCCCSCC -29.44516753 1 0 0 0 0 0 0 1 0 0
C6H14S CCCSCCC -29.42445974 1 0 0 0 0 0 0 1 0 0
C6H14S CCCCCSC -29.1364331 1 0 0 0 0 0 0 1 0 0
C6H14S2 CCSSC(C)(C)C -33.34684616 1 0 0 0 0 0 0 1 0 0
C6H14S2 CCCSSCCC -26.35137583 1 0 0 0 0 0 0 1 0 0
C6H14S2 CCSCCSCC -18.68133333 1 0 0 0 0 0 0 1 0 0
C6H15N CCCCCCN -31.19064164 1 0 0 0 0 1 0 0 0 0
C6H15N CC(C)NC(C)C -32.25866196 1 0 0 0 0 1 0 0 0 0
C6H15N CCN(CC)CC -22.12188157 1 0 0 0 0 1 0 0 0 0
C6H15N CCCNCCC -26.99135141 1 0 0 0 0 1 0 0 0 0
C6H15NO3 OCCN(CCO)CCO -133.7919494 1 0 0 0 0 1 1 0 0 0
C6H2Cl4 Clc1cc(Cl)c(Cl)c(Cl)c1 -5.119207882 0 1 1 0 0 0 0 0 1 0
C6H2Cl4 Clc1cc(Cl)c(Cl)cc1Cl -5.086577414 0 1 1 0 0 0 0 0 1 0
C6H2Cl4 Clc1ccc(Cl)c(Cl)c1Cl -3.632639061 0 1 1 0 0 0 0 0 1 0
C6H3Cl3 Clc1cc(Cl)cc(Cl)c1 -1.587079006 0 1 1 0 0 0 0 0 1 0
C6H3Cl3 Clc1ccc(Cl)c(Cl)c1 -0.25424989 0 1 1 0 0 0 0 0 1 0
C6H3Cl3 Clc1cccc(Cl)c1Cl 1.183373229 0 1 1 0 0 0 0 0 1 0
C6H4 C#C\C=C\C#C 125.6883982 1 0 0 0 1 0 0 0 0 0
C6H4Cl2 Clc1ccc(Cl)cc1 5.206841652 0 1 1 0 0 0 0 0 1 0
C6H4Cl2 Clc1cccc(Cl)c1 5.043689312 0 1 1 0 0 0 0 0 1 0
C6H4Cl2 Clc1ccccc1Cl 6.476919868 0 1 1 0 0 0 0 0 1 0
C6H4Cl2O Oc1cc(Cl)ccc1Cl -34.77211549 0 1 1 0 0 0 1 0 1 0
C6H4Cl2O Oc1ccc(Cl)cc1Cl -34.35795955 0 1 1 0 0 0 1 0 1 0
C6H4Cl2O Oc1cccc(Cl)c1Cl -33.42987374 0 1 1 0 0 0 1 0 1 0
C6H4Cl2O Oc1ccc(Cl)c(Cl)c1 -34.65602632 0 1 1 0 0 0 1 0 1 0
C6H4Cl2O Oc1cc(Cl)cc(Cl)c1 -36.51408047 0 1 1 0 0 0 1 0 1 0
C6H4Cl2O Oc1c(Cl)cccc1Cl -36.40803145 0 1 1 0 0 0 1 0 1 0
C6H4N2 N#Cc1cccnc1 65.92410965 0 0 1 1 0 1 0 0 0 0
C6H4N2 N#Cc1ccccn1 66.93502665 0 0 1 1 0 1 0 0 0 0
C6H4N2 N#Cc1ccncc1 66.60934948 0 0 1 1 0 1 0 0 0 0
C6H4N2O o1nc2ccccc2n1 71.63910287 0 0 1 1 0 1 1 0 0 1
C6H4N2O o1nnc2ccccc12 50.21782814 0 0 1 1 0 1 1 0 0 1
C6H5Cl C1=CC=C(C=C1)Cl 12.32016439 0 1 1 0 0 0 0 0 1 0
C6H5NO2 OC(=O)c1cccnc1 -50.65007766 0 0 1 1 0 1 1 0 0 0
C6H5OH Oc1ccccc1  -21.66306354 0 1 1 0 0 0 1 0 0 0
C6H6 c1ccccc1 20.27560421 0 1 1 0 1 0 0 0 0 0
C6H6 C=C1C=CC=C1 51.59771594 0 1 0 0 1 0 0 0 0 0
C6H6 C=C1C=CC1=C 81.01408284 0 1 0 0 1 0 0 0 0 0
C6H6 C=C1C(=C)C1=C 105.2855035 0 1 0 0 1 0 0 0 0 0
C6H6O2 Oc1cccc(O)c1 -63.80629922 0 1 1 0 0 0 1 0 0 0
C6H6O2 Oc1ccc(O)cc1 -61.69410392 0 1 1 0 0 0 1 0 0 0
C6H6O2 Oc1ccccc1O -60.24957821 0 1 1 0 0 0 1 0 0 0
C6H6O3 Oc1cc(O)cc(O)c1 -105.468863 0 1 1 0 0 0 1 0 0 0
C6H6O3 Oc1ccc(O)c(O)c1 -104.5062642 0 1 1 0 0 0 1 0 0 0
C6H6O3 Oc1cccc(O)c1O -102.8634456 0 1 1 0 0 0 1 0 0 0
C6H6O3 COC(=O)c1occc1 -93.20294458 0 0 1 1 0 0 1 0 0 0
C6H6OS OSc1ccccc1 -1.461493971 0 1 1 0 0 0 1 1 0 1
C6H6S Sc1ccccc1 26.90478161 0 1 1 0 0 0 0 1 0 0
C6H7N Cc1ccccn1 23.53594172 0 0 1 1 0 1 0 0 0 0
C6H7N Nc1ccccc1 21.19909821 0 1 1 0 0 1 0 0 0 0
C6H7N Cc1cccnc1 25.2427662 0 0 1 1 0 1 0 0 0 0
C6H7N Cc1ccncc1 24.10948495 0 0 1 1 0 1 0 0 0 0
C6H7N N#CC1=CCCC1 38.10293565 0 1 0 0 0 1 0 0 0 0
C6H7N N#CC1CCC=C1 41.21977285 0 1 0 0 0 1 0 0 0 0
C6H7N [CH2]=[C]1C[CH](C1)C#N 60.43535345 0 1 0 0 0 1 0 0 0 0
C6H7N N#CC12CCC1C2 66.31009271 0 1 0 0 0 1 0 0 0 0
C6H7NO CC1=CC=CC(=O)N1 -26.69588497 0 0 0 1 0 1 1 0 0 0
C6H7NO Nc1ccccc1O -20.86067878 0 1 1 0 0 1 1 0 0 0
C6H7NO Nc1cccc(O)c1 -21.17443328 0 1 1 0 0 1 1 0 0 0
C6H7NO Nc1ccc(O)cc1 -18.79366413 0 1 1 0 0 1 1 0 0 0
C6H7NO Cc1ncccc1O -17.86746085 0 0 1 1 0 1 1 0 0 0
C6H7NO CC1=CC(=O)C=CN1 -17.10252738 0 0 0 1 0 1 1 0 0 0
C6H7NO Cc1ccc(O)cn1 -16.7624175 0 0 1 1 0 1 1 0 0 0
C6H8 C1C=CCC=C1 26.41634017 0 1 0 0 1 0 0 0 0 0
C6H8 C1CC=CC=C1 26.22494992 0 1 0 0 1 0 0 0 0 0
C6H8 C=C1CCC=C1 26.91960239 0 1 0 0 1 0 0 0 0 0
C6H8 C1C=CC2CC12 37.27287338 0 1 0 0 1 0 0 0 0 0
C6H8 C=C\C=C\C=C 40.02261781 1 0 0 0 1 0 0 0 0 0
C6H8 C1C2CC1C=C2 54.86508819 0 1 0 0 1 0 0 0 0 0
C6H8 C\C=C=C=C/C 62.20819851 1 0 0 0 1 0 0 0 0 0
C6H8N2 Cc1nccnc1C 28.53385166 0 0 1 1 0 1 0 0 0 0
C6H8N2 N#CCCCCC#N 36.94811984 1 0 0 0 0 1 0 0 0 0
C6H8N2O2 CN1C=CC(=O)N(C)C1=O -75.70301334 0 0 0 1 0 1 1 0 0 0
C6H8O Cc1oc(C)cc1 -27.31196667 0 0 1 1 0 0 1 0 0 0
C6H8O2 O=C1CCCC(=O)C1 -78.89984031 0 1 0 0 0 0 1 0 0 0
C6H8O2 O=C1CCC(=O)CC1 -77.518693 0 1 0 0 0 0 1 0 0 0
C6H8O2 COC(=O)C12CC1C2 -34.54436664 0 1 0 0 0 0 1 0 0 0
C6H8O4 OC(=O)C1(CCC1)C(O)=O -166.5610551 0 1 0 0 0 0 1 0 0 0
C6H9Cl3O2 CC(C)COC(=O)C(Cl)(Cl)Cl -121.8130747 1 0 0 0 0 0 1 0 1 0
C6H9Cl3O2 CCCCOC(=O)C(Cl)(Cl)Cl -119.3450818 1 0 0 0 0 0 1 0 1 0
C6H9N Cc1[nH]c(C)cc1 9.80472267 0 0 1 1 0 1 0 0 0 0
C6H9N N#CC1CCCC1 13.36897379 0 1 1 0 0 1 0 0 0 0
C6H9N3O2 NC(Cc1[nH]cnc1)C(O)=O -64.45511376 0 0 1 1 0 1 1 0 0 0
C6H9N3O3 CN1C(=O)N(C)C(=O)N(C)C1=O -141.7375984 1 0 0 0 0 1 1 0 0 0
C6H9NO Cc1onc(C)c1C -10.18744531 0 0 1 1 0 1 1 0 0 0
C6H9NO2 CCOC(=O)C(C)C#N -75.00258116 1 0 0 0 0 1 1 0 0 0
C6HCl5 Clc1cc(Cl)c(Cl)c(Cl)c1Cl -8.269811286 0 0 1 1 0 0 0 0 1 0
C6N4 N#CC(C#N)=C(C#N)C#N 164.9793457 1 0 0 0 0 1 0 0 0 0
C7H10 C/C=C1/CCC=C1 20.56617161 0 1 0 0 1 0 0 0 0 0
C7H10 CC1(C)C=CC=C1 19.3036235 0 1 0 0 1 0 0 0 0 0
C7H10 C=C1CCCC1=C 23.08436522 0 1 0 0 1 0 0 0 0 0
C7H10 C1CC2C=CCC12 29.0927639 0 1 0 0 1 0 0 0 0 0
C7H10 C1CC2C=CC2C1 66.7922496 0 1 0 0 1 0 0 0 0 0
C7H10 C1C2CC2C3CC13 42.95318269 0 1 0 0 1 0 0 0 0 0
C7H10 C1CC2=C(C1)CC2 43.84424547 0 1 0 0 1 0 0 0 0 0
C7H10 C=CC1(CC1)C=C 48.35854522 0 1 0 0 1 0 0 0 0 0
C7H10 C1C=CCC2CC12 55.75813135 0 1 0 0 1 0 0 0 0 0
C7H10 C1CC2C1C3CC23 112.6004066 0 1 0 0 1 0 0 0 0 0
C7H10 C1CC12CC23CC3 74.51312034 0 1 0 0 1 0 0 0 0 0
C7H10N2 Cc1cnc(C)c(C)n1 18.60361958 0 0 1 1 0 1 0 0 0 0
C7H10N2 CC(C)(C)C(C#N)C#N 30.94358406 1 0 0 0 0 1 0 0 0 0
C7H10N2 CN(N)c1ccccc1 50.13845686 0 1 1 0 0 1 0 0 0 1
C7H10O O=C1CC2CCC1C2 -40.23165162 0 1 0 0 0 0 1 0 0 0
C7H10O O=C1C2CCC1CC2 -34.34436219 0 1 0 0 0 0 1 0 0 0
C7H10O C1CC2CC1C3OC23 -12.54846458 0 0 0 1 0 0 1 0 0 0
C7H10O CC(C)(O)C#CC=C 9.530439584 1 0 0 0 0 0 1 0 0 0
C7H10O2 O=C1OC2CCC1CC2 -93.96999861 0 0 0 1 0 0 1 0 0 0
C7H10O2 CCOC(=O)C(=C)C=C -63.28355349 1 0 0 0 0 0 1 0 0 0
C7H10O2 CCOC(=O)C#CCC -48.62306072 1 0 0 0 0 0 1 0 0 0
C7H10O2 CCOC(=O)CC#CC -52.1772717 1 0 0 0 0 0 1 0 0 0
C7H10O2 CCOC(=O)CCC#C -50.71392071 1 0 0 0 0 0 1 0 0 0
C7H10O2 CC(C)(OO)C#CC=C 27.60108502 1 0 0 0 0 0 1 0 0 0
C7H10O3 C1C2CC3CC1OC(O2)O3 -122.5791202 0 0 0 1 0 0 1 0 0 1
C7H10O3 CC(=C)C(=O)OCC1CO1 -89.36946137 0 0 0 1 0 0 1 0 0 0
C7H10O6 COC(=O)C(C(=O)OC)C(=O)OC -258.6404629 1 0 0 0 0 0 1 0 0 0
C7H10S3 S=C1SC2CCCCC2S1 11.84368599 0 0 0 1 0 0 0 1 0 1
C7H11Cl3O2 CC(C)CCOC(=O)C(Cl)(Cl)Cl -125.7982865 1 0 0 0 0 0 1 0 1 0
C7H11N N#CC1CCCCC1 1.706189362 0 1 0 0 0 1 0 0 0 0
C7H11N Cn1c(C)ccc1C 7.280351809 0 0 1 1 0 1 0 0 0 0
C7H11NO CN(C)\C=C\C=C\C=O -3.818131114 1 0 0 0 0 1 1 0 0 0
C7H12 CC1=CCCCC1 -9.368584843 0 1 0 0 1 0 0 0 0 0
C7H12 C1CC2CCC1C2 -13.06649538 0 1 0 0 1 0 0 0 0 0
C7H12 CC1=C(C)CCC1 -8.862812589 0 1 0 0 1 0 0 0 0 0
C7H12 CCC1=CCCC1 -4.748863585 0 1 0 0 1 0 0 0 0 0
C7H12 CC12CCCC1C2 3.935233466 0 1 0 0 1 0 0 0 0 0
C7H12 C1CCC2CC2C1 29.70765561 0 1 0 0 1 0 0 0 0 0
C7H12 CCCC#CCC 21.4032015 1 0 0 0 1 0 0 0 0 0
C7H12Cl2O2 CC(C)CCOC(=O)C(Cl)Cl -125.2712982 1 0 0 0 0 0 1 0 1 1
C7H12N2 N#CCN1CCCCC1 23.31489004 0 0 0 1 0 1 0 0 0 0
C7H12O O=C1CCCCCC1 -53.74512505 0 1 0 0 0 0 1 0 0 0
C7H12O OC1C2CCC1CC2 -52.87414256 0 1 0 0 0 0 1 0 0 0
C7H12O COC1=CCCCC1 -36.28531464 0 1 0 0 0 0 1 0 0 0
C7H12O C1CCC2OC2CC1 -28.11451995 0 0 0 1 0 0 1 0 0 0
C7H12O C1CC2CCC(C1)O2 -47.68903569 0 0 0 1 0 0 1 0 0 0
C7H12O2 CC(C)C(=O)CC(C)=O -98.79749246 1 0 0 0 0 0 1 0 0 0
C7H12O2 CCC(C(C)=O)C(C)=O -99.2536915 1 0 0 0 0 0 1 0 0 0
C7H12O2 CCC(=O)CC(=O)CC -98.2634823 1 0 0 0 0 0 1 0 0 0
C7H12O2 C/C=C/C(=O)OC(C)C -98.24779457 1 0 0 0 0 0 1 0 0 0
C7H12O2 O=C1CCCCCCO1 -97.74515986 0 0 0 1 0 0 1 0 0 0
C7H12O2 CCCOC(=O)\C=C\C -93.94371034 1 0 0 0 0 0 1 0 0 0
C7H12O2 CCOC(=O)\C=C\CC -93.67639151 1 0 0 0 0 0 1 0 0 0
C7H12O2 CCOC(=O)\C=C\CC -93.675764 1 0 0 0 0 0 1 0 0 0
C7H12O2 CCOC(=O)C\C=C\C -92.30089178 1 0 0 0 0 0 1 0 0 0
C7H12O2 CCOC(=O)C\C=C\C -92.30151929 1 0 0 0 0 0 1 0 0 0
C7H12O2 CCOC(=O)CCC=C -90.61226506 1 0 0 0 0 0 1 0 0 0
C7H12O2 CCCCOC(=O)C=C -90.20124667 1 0 0 0 0 0 1 0 0 0
C7H12O3 CC12COC(C)(OC1)OC2 -133.7714378 0 0 0 1 0 0 1 0 0 1
C7H12O3 CCCC(=O)OCC1CO1 -115.8905689 0 0 0 1 0 0 1 0 0 0
C7H12O4 COC(=O)C(C)(C)C(=O)OC -192.4796561 1 0 0 0 0 0 1 0 0 0
C7H13ClO2 CCCOC(=O)C(Cl)CC -126.0683539 1 0 0 0 0 0 1 0 1 0
C7H13ClO2 CC(C)COC(=O)C(C)Cl -127.7682758 1 0 0 0 0 0 1 0 1 0
C7H13ClO2 CCCOC(=O)CCCCl -127.0861735 1 0 0 0 0 0 1 0 1 0
C7H13ClO2 CCCOC(=O)CC(C)Cl -129.9865201 1 0 0 0 0 0 1 0 1 0
C7H13ClO2 CC(C)COC(=O)CCCl -128.5777624 1 0 0 0 0 0 1 0 1 0
C7H13ClO2 CCCCOC(=O)C(C)Cl -125.5682292 1 0 0 0 0 0 1 0 1 0
C7H13ClO2 CC(C)CCOC(=O)CCl -123.1065114 1 0 0 0 0 0 1 0 1 0
C7H13ClO2 CCCCOC(=O)CCCl -126.3501055 1 0 0 0 0 0 1 0 1 0
C7H13N CCCCCCC#N -7.200740498 1 0 0 0 0 1 0 0 0 0
C7H13N C1CN2CCC1CC2 -0.118046415 0 0 0 1 0 1 0 0 0 0
C7H13N C1CC2CCCN2C1 -0.289356372 0 0 0 1 0 1 0 0 0 0
C7H14 CC1CCCCC1 -34.34790272 0 1 0 0 1 0 0 0 0 0
C7H14 CC1(C)CCCC1 -32.78352278 0 1 0 0 1 0 0 0 0 0
C7H14 C[C@@H]1CCC[C@H]1C -32.18111414 0 1 0 0 1 0 0 0 0 0
C7H14 C[C@@H]1CC[C@@H](C)C1 -31.51909215 0 1 0 0 1 0 0 0 0 0
C7H14 C[C@@H]1CC[C@H](C)C1 -31.81715892 0 1 0 0 1 0 0 0 0 0
C7H14 C[C@H]1CCC[C@H]1C -30.2257961 0 1 0 0 1 0 0 0 0 0
C7H14 CCC1CCCC1 -29.47843288 0 1 0 0 1 0 0 0 0 0
C7H14 CCC(C)C(C)=C -18.94757684 1 0 0 0 1 0 0 0 0 0
C7H14 CC(C)C=C(C)C -21.23359213 1 0 0 0 1 0 0 0 0 0
C7H14 C/C=C/C(C)(C)C -21.56428937 1 0 0 0 1 0 0 0 0 0
C7H14 CCCC=C(C)C -19.38432311 1 0 0 0 1 0 0 0 0 0
C7H14 CC(=C)C(C)(C)C -20.94870304 1 0 0 0 1 0 0 0 0 0
C7H14 CC(C)CC(C)=C -20.57094263 1 0 0 0 1 0 0 0 0 0
C7H14 CCC(=C)C(C)C -18.43490199 1 0 0 0 1 0 0 0 0 0
C7H14 CC\C=C(C)/CC -18.6520201 1 0 0 0 1 0 0 0 0 0
C7H14 CC(C)(C)CC=C -19.71000028 1 0 0 0 1 0 0 0 0 0
C7H14 CC/C=C(C)/CC -18.54220603 1 0 0 0 1 0 0 0 0 0
C7H14 CCCC\C=C\C -17.14913605 1 0 0 0 1 0 0 0 0 0
C7H14 CCC\C=C\CC -16.90440754 1 0 0 0 1 0 0 0 0 0
C7H14 C\C=C/C(C)(C)C -17.37064673 1 0 0 0 1 0 0 0 0 0
C7H14 CCCC\C=C/C -15.83136715 1 0 0 0 1 0 0 0 0 0
C7H14 CCC\C=C/CC -15.49376731 1 0 0 0 1 0 0 0 0 0
C7H14 CCCCCC=C -14.78028957 1 0 0 0 1 0 0 0 0 0
C7H14 CCC1CC1CC -11.4701796 0 1 0 0 1 0 0 0 0 0
C7H14N2 CC1(C)CC(C)(C)N=N1 7.594467454 0 0 0 1 0 1 0 0 0 0
C7H14O CC(=O)CC(C)(C)C -75.38672256 1 0 0 0 0 0 1 0 0 0
C7H14O CCC(=O)C(C)(C)C -74.89036294 1 0 0 0 0 0 1 0 0 0
C7H14O CC(C)C(=O)C(C)C -74.12229193 1 0 0 0 0 0 1 0 0 0
C7H14O CCC(C)(C)C(C)=O -73.48788033 1 0 0 0 0 0 1 0 0 0
C7H14O C[C@H]1CCCC[C@H]1O -74.35384275 0 0 0 1 0 0 1 0 0 0
C7H14O CCCCCCC=O -64.64125844 1 0 0 0 0 0 1 0 0 0
C7H14O2 CCC(C)(C)OC(C)=O -126.1406367 1 0 0 0 0 0 1 0 0 0
C7H14O2 CCCCCCC(O)=O -122.5130072 1 0 0 0 0 0 1 0 0 0
C7H14O2 CCOC(=O)CC(C)C -122.8882576 1 0 0 0 0 0 1 0 0 0
C7H14O2 CCOC(=O)C(C)(C)C -124.7582344 1 0 0 0 0 0 1 0 0 0
C7H14O2 CCOC(=O)C(C)CC -122.2212155 1 0 0 0 0 0 1 0 0 0
C7H14O2 CC(C)CCOC(C)=O -122.0191576 1 0 0 0 0 0 1 0 0 0
C7H14O2 COC(=O)CC(C)(C)C -122.6661194 1 0 0 0 0 0 1 0 0 0
C7H14O2 CCCCC(=O)OCC -121.0490287 1 0 0 0 0 0 1 0 0 0
C7H14O2 CCCCOC(=O)CC -120.7497069 1 0 0 0 0 0 1 0 0 0
C7H14O2 CCCCCC(=O)OC -118.2377884 1 0 0 0 0 0 1 0 0 0
C7H14O2 CC1CC(C)OC(C)O1 -110.1673951 0 0 0 1 0 0 1 0 0 0
C7H14O2 CC(C)(C)OCC1CO1 -77.55951747 0 0 0 1 0 0 1 0 0 0
C7H14O2 CC(C)COCC1CO1 -72.9529739 0 0 0 1 0 0 1 0 0 0
C7H14O2 CCCCOCC1CO1 -70.65001587 0 0 0 1 0 0 1 0 0 0
C7H14O3 CC(C)(O)C(C)(C)OC=O -158.352915 1 0 0 0 0 0 1 0 0 1
C7H14O3 CC(C)(C)OOCC1CO1 -63.77350349 0 0 0 1 0 0 1 0 0 0
C7H14S CC(C)(C)SCC=C -9.475156157 1 0 0 0 0 0 0 1 0 0
C7H15NO CN(C)C(=O)C(C)(C)C -67.87124652 1 0 0 0 0 1 1 0 0 0
C7H15NO CCN(CC)CC(C)=O -53.71150593 1 0 0 0 0 1 1 0 0 0
C7H16 CCCCCCC -44.7344988 1 0 0 0 1 0 0 0 0 0
C7H16 CC(C)C(C)(C)C -48.71165084 1 0 0 0 1 0 0 0 0 0
C7H16 CC(C)CC(C)C -47.95675752 1 0 0 0 1 0 0 0 0 0
C7H16 CCC(C)C(C)C -45.67011472 1 0 0 0 1 0 0 0 0 0
C7H16 CCCC(C)CC -45.53080772 1 0 0 0 1 0 0 0 0 0
C7H16 CCC(CC)CC -44.70814342 1 0 0 0 1 0 0 0 0 0
C7H16O CCCCC(C)(C)O -88.95478927 1 0 0 0 0 0 1 0 0 0
C7H16O CC(C)OC(C)(C)C -84.40597653 1 0 0 0 0 0 1 0 0 0
C7H16O CCCCCC(C)O -84.6620002 1 0 0 0 0 0 1 0 0 0
C7H16O CCCCC(O)CC -84.58105154 1 0 0 0 0 0 1 0 0 0
C7H16O CCCC(O)CCC -83.95856261 1 0 0 0 0 0 1 0 0 0
C7H16O CCOC(C)(C)CC -80.75763921 1 0 0 0 0 0 1 0 0 0
C7H16O CCCCCCCO -80.43321705 1 0 0 0 0 0 1 0 0 0
C7H16O2 CCOC(C)(C)OCC -116.1055799 1 0 0 0 0 0 1 0 0 1
C7H16O2 OCCCCCCCO -116.182136 1 0 0 0 0 0 1 0 0 0
C7H16O2 CCOCCCOCC -104.3128033 1 0 0 0 0 0 1 0 0 0
C7H16O2S CCOC(OCC)SCC -101.5804568 1 0 0 0 0 0 1 1 0 1
C7H16O3 CCOC(OCC)OCC -151.5382344 1 0 0 0 0 0 1 0 0 1
C7H16O3 CCC(C)(C)OOCCO -103.8186849 1 0 0 0 0 0 1 0 0 0
C7H16O4 CCOCOCOCOCC -173.0207362 1 0 0 0 0 0 1 0 0 0
C7H16O4 CC(C)(C)OOCC(O)CO -143.8070547 1 0 0 0 0 0 1 0 0 0
C7H16S CCCCCCCS -35.93978784 1 0 0 0 0 0 0 1 0 0
C7H16S2 CC(C)SSC(C)(C)C -39.89354972 1 0 0 0 0 0 0 1 0 0
C7H17N CCCCCCCN -36.23320612 1 0 0 0 0 1 0 0 0 0
C7H17N CCCCNC(C)C -34.9700305 1 0 0 0 0 1 0 0 0 0
C7H4Cl2O ClC(=O)c1ccc(Cl)cc1 -32.42130181 0 1 1 0 0 0 1 0 1 1
C7H4S3 S=C1Sc2ccccc2S1 56.93417403 0 0 1 1 0 0 0 1 0 1
C7H5Cl3 ClC(Cl)(Cl)c1ccccc1 1.175313458 0 1 1 0 0 0 0 0 1 0
C7H5ClO ClC(=O)c1ccccc1 -24.9402588 0 1 1 0 0 0 1 0 1 1
C7H5ClO2 OC(=O)c1ccc(Cl)cc1 -72.07783861 0 1 1 0 0 0 1 0 1 0
C7H5ClO2 OC(=O)c1cccc(Cl)c1 -71.73898375 0 1 1 0 0 0 1 0 1 0
C7H5ClO2 OC(=O)c1ccccc1Cl -71.1704606 0 1 1 0 0 0 1 0 1 0
C7H5N N#Cc1ccccc1 51.30344705 0 1 1 0 0 1 0 0 0 0
C7H5NO O=C=Nc1ccccc1 3.062706413 0 1 1 0 0 1 1 0 0 1
C7H5NO o1cnc2ccccc12 7.30654978 0 0 1 1 0 1 1 0 0 1
C7H5NS s1cnc2ccccc12 46.73660887 0 0 1 1 0 1 0 1 0 1
C7H6 C#CC1(CC1)C#C 130.5385131 0 1 0 0 1 0 0 0 0 0
C7H6N2 [nH]1cnc2ccccc12 43.43491244 0 0 1 1 0 1 0 0 0 0
C7H6N2 [nH]1ncc2ccccc12 58.44492772 0 0 1 1 0 1 0 0 0 1
C7H6N2O2 COc1ccc2nonc2c1 36.08480954 0 0 1 1 0 1 1 0 0 1
C7H6O C1=CC=C(C=C1)C=O -8.884305302 0 1 1 0 0 0 1 0 0 0
C7H6O2 O=COc1ccccc1 -52.61325622 0 1 1 0 0 0 1 0 0 1
C7H6O2 O=C/C=C/c1occc1 -25.19174043 0 0 1 1 0 0 1 0 0 0
C7H6O3 OC(=O)c1ccccc1O -109.8750662 0 1 1 0 0 0 1 0 0 0
C7H6O3 OC(=O)c1ccc(O)cc1 -107.4830019 0 1 1 0 0 0 1 0 0 0
C7H6O3 OC(=O)c1cccc(O)c1 -106.5298158 0 1 1 0 0 0 1 0 0 0
C7H7Cl ClCc1ccccc1 7.005888516 0 1 1 0 0 0 0 0 1 0
C7H7NO NC(=O)c1ccccc1 -23.31909408 0 1 1 0 0 1 1 0 0 0
C7H7NO2 Nc1ccccc1C(O)=O -67.54691466 0 1 1 0 0 1 1 0 0 0
C7H7NO2 Nc1ccc(cc1)C(O)=O -65.45856471 0 1 1 0 0 1 1 0 0 0
C7H7NO2 Nc1cccc(c1)C(O)=O -64.69049369 0 1 1 0 0 1 1 0 0 0
C7H7NS NC(=S)c1ccccc1 34.64130579 0 1 1 0 0 1 0 1 0 1
C7H8 CC1=CC=CC=C1 12.34649833 0 1 1 0 1 0 0 0 0 0
C7H8 C1C2C=CC1C=C2 57.11675544 0 1 0 0 1 0 0 0 0 0
C7H8 C=C1C=CCC=C1 40.27817894 0 1 0 0 1 0 0 0 0 0
C7H8 CC=C1C=CC=C1 43.32034257 0 1 0 0 1 0 0 0 0 0
C7H8 C1C=CC=CC=C1 44.56908548 0 1 0 0 1 0 0 0 0 0
C7H8 C=C1CC=CC=C1 44.1103764 0 1 0 0 1 0 0 0 0 0
C7H8 C1CC12C=CC=C2 54.16118805 0 1 0 0 1 0 0 0 0 0
C7H8O Cc1cccc(O)c1 -29.69759093 0 1 1 0 0 0 1 0 0 0
C7H8O Cc1ccccc1O -30.3163148 0 1 1 0 0 0 1 0 0 0
C7H8O Cc1ccc(O)cc1 -29.13283283 0 1 1 0 0 0 1 0 0 0
C7H8O OCc1ccccc1 -21.84745334 0 1 1 0 0 0 1 0 0 0
C7H8O COc1ccccc1 -16.66736654 0 1 1 0 0 0 1 0 0 0
C7H8O2 Cc1cccc(O)c1O -72.84672353 0 1 1 0 0 0 1 0 0 0
C7H8O2 Cc1ccc(O)c(O)c1 -71.70591217 0 1 1 0 0 0 1 0 0 0
C7H8O3 COc1cccc(O)c1O -97.98258279 0 1 1 0 0 0 1 0 0 0
C7H8S SCc1ccccc1 21.98332637 0 1 1 0 0 0 0 1 0 0
C7H8S CSc1ccccc1 22.96600547 0 1 1 0 0 0 0 1 0 0
C7H9N Cc1ccc(N)cc1 13.25116706 0 1 1 0 0 1 0 0 0 0
C7H9N Cc1ccccc1N 12.68452643 0 1 1 0 0 1 0 0 0 0
C7H9N Cc1cccc(C)n1 13.63896762 0 0 1 1 0 1 0 0 0 0
C7H9N Cc1cccc(N)c1 13.24300944 0 1 1 0 0 1 0 0 0 0
C7H9N Cc1ccnc(C)c1 14.79797674 0 0 1 1 0 1 0 0 0 0
C7H9N Cc1ccc(C)nc1 15.51145448 0 0 1 1 0 1 0 0 0 0
C7H9N Cc1cccnc1C 15.42485823 0 0 1 1 0 1 0 0 0 0
C7H9N Cc1ccncc1C 16.25630766 0 0 1 1 0 1 0 0 0 0
C7H9N Cc1cncc(C)c1 17.10720986 0 0 1 1 0 1 0 0 0 0
C7H9N CNc1ccccc1 22.57281325 0 1 1 0 0 1 0 0 0 0
C7H9N NCc1ccccc1 21.20045107 0 1 1 0 0 1 0 0 0 0
C7H9N N#CC1=CCCCC1 28.3628388 0 1 0 0 0 1 0 0 0 0
C7H9N N#CC1CCCC=C1 31.62149303 0 1 0 0 0 1 0 0 0 0
C7H9N N#CC12CCCC1C2 41.37800297 0 1 0 0 0 1 0 0 0 0
C8H10 CCC1=CC=CC=C1 7.128231332 0 1 1 0 1 0 0 0 0 0
C8H10 Cc1ccc(C)cc1 4.013276656 0 1 1 0 1 0 0 0 0 0
C8H10 C1C=CC2CC1C=C2 35.20423901 0 1 0 0 1 0 0 0 0 0
C8H10 C1C2C3CC4C1C4C23 41.76798315 0 1 0 0 1 0 0 0 0 0
C8H10 C1CC2C=CC=CC12 46.72342172 0 1 0 0 1 0 0 0 0 0
C8H10 C\1\C=C/C/C=C\C=C1 89.71720086 0 1 0 0 1 0 0 0 0 0
C8H10 C1CC=C2CCC2=C1 53.62351069 0 1 0 0 1 0 0 0 0 0
C8H10 C1C2C=CC1C3CC23 53.5475821 0 1 0 0 1 0 0 0 0 0
C8H10 C=CC(=C)C(=C)C=C 57.78075781 0 1 0 0 1 0 0 0 0 0
C8H10 C=CC1=C(CC1)C=C 67.51279489 0 1 0 0 1 0 0 0 0 0
C8H10 C=C1C2CCC2C1=C 81.32991556 0 1 0 0 1 0 0 0 0 0
C8H10 [CH2]=[C]=[CH]CC[CH]=[C]=[CH2] 87.60939813 1 0 0 0 1 0 0 0 0 0
C8H10N2O CN(C)c1ccc(cc1)N=O 47.78698685 0 1 1 0 0 1 1 0 0 1
C8H10O Cc1ccc(O)c(C)c1 -37.69195774 0 1 1 0 0 0 1 0 0 0
C8H10O Cc1ccc(C)c(O)c1 -38.39476782 0 1 1 0 0 0 1 0 0 0
C8H10O Cc1cc(C)cc(O)c1 -38.80515871 0 1 1 0 0 0 1 0 0 0
C8H10O Cc1cccc(C)c1O -38.49203172 0 1 1 0 0 0 1 0 0 0
C8H10O Cc1cccc(O)c1C -37.40832367 0 1 1 0 0 0 1 0 0 0
C8H10O Cc1ccc(O)cc1C -37.3474553 0 1 1 0 0 0 1 0 0 0
C8H10O CCc1cccc(O)c1 -34.93091814 0 1 1 0 0 0 1 0 0 0
C8H10O CCc1ccccc1O -35.2904808 0 1 1 0 0 0 1 0 0 0
C8H10O CCc1ccc(O)cc1 -34.38937788 0 1 1 0 0 0 1 0 0 0
C8H10O CCOc1ccccc1 -24.84684851 0 1 1 0 0 0 1 0 0 0
C8H10O2 COc1cc(C)ccc1O -61.93612671 0 1 1 0 0 0 1 0 0 0
C8H10O4 CCOC1=C(OCC)C(=O)C1=O -113.169189 0 1 0 0 0 0 1 0 0 0
C8H10S CCSc1ccccc1 17.88328041 0 1 1 0 0 0 0 1 0 0
C8H10S CSCc1ccccc1 16.70230848 0 1 1 0 0 0 0 1 0 0
C8H11N CCc1ccc(C)nc1 10.37350863 0 0 1 1 0 1 0 0 0 0
C8H11N CCNc1ccccc1 15.79769643 0 1 1 0 0 1 0 0 0 0
C8H11N CN(C)c1ccccc1 24.02935949 0 1 1 0 0 1 0 0 0 0
C8H12 C1CC2CCC1C=C2 5.446440098 0 1 0 0 1 0 0 0 0 0
C8H12 CC(C)=C1CCC=C1 12.20533954 0 1 0 0 1 0 0 0 0 0
C8H12 C=C1CCCC(=C)C1 13.79795738 0 1 0 0 1 0 0 0 0 0
C8H12 C\1C\C=C/CC\C=C1 44.55531101 0 1 0 0 1 0 0 0 0 0
C8H12 C=CC1CCC=CC1 17.0133135 0 1 0 0 1 0 0 0 0 0
C8H12 C1CCC2=C(C1)CC2 23.87826195 0 1 0 0 1 0 0 0 0 0
C8H12 C1CCC2C=CC2C1 29.47940729 0 1 0 0 1 0 0 0 0 0
C8H12 C=CC1CCC1C=C 40.26189444 0 1 0 0 1 0 0 0 0 0
C8H12 C1CC2C1C3CCC23 96.30848828 0 1 0 0 1 0 0 0 0 0
C8H12N2 Cc1nc(C)c(C)nc1C 8.899918248 0 0 1 1 0 1 0 0 0 0
C8H12N2 CC(C)(C#N)C(C)(C)C#N 19.75582395 1 0 0 0 0 1 0 0 0 0
C8H12N2 CCCCCC(C#N)C#N 32.34804705 1 0 0 0 0 1 0 0 0 0
C8H12O O=C1CCC2CCCC12 -49.05182028 0 1 0 0 0 0 1 0 0 0
C8H12O O=C1CC2CCC(C2)C1 -50.94626995 0 1 0 0 0 0 1 0 0 0
C8H12O O=C1CCC2CCC1C2 -47.1147 0 1 0 0 0 0 1 0 0 0
C8H12O O=C1CC2CCC1CC2 -50.53148651 0 1 0 0 0 0 1 0 0 0
C8H12O O=C1CCC2CCCC12 -49.05119277 0 1 0 0 0 0 1 0 0 0
C8H12O CC12CCC(CC1=O)C2 -50.23592977 0 1 0 0 0 0 1 0 0 0
C8H12O O=C1C2CCCC1CC2 -48.16012999 0 1 0 0 0 0 1 0 0 0
C8H12O2 CC1(C)CCC(=O)CC1=O -93.77976553 0 1 0 0 0 0 1 0 0 0
C8H12O2 CC1(C)CC(=O)CC(=O)C1 -95.5066703 0 1 0 0 0 0 1 0 0 0
C8H12O2 CC1(C)C(=O)C(C)(C)C1=O -76.00369058 0 1 0 0 0 0 1 0 0 0
C8H14 C1CC2CCC1CC2 -22.34662814 0 1 0 0 1 0 0 0 0 0
C8H14 C1CC2CCCC2C1 -21.13679078 0 1 0 0 1 0 0 0 0 0
C8H14 C1CC2CCCC2C1 -21.13679078 0 1 0 0 1 0 0 0 0 0
C8H14 CCC1=CCCCC1 -13.95683281 0 1 0 0 1 0 0 0 0 0
C8H14 CC12CCCCC1C2 -5.126526157 0 1 0 0 1 0 0 0 0 0
C8H14 C1CCC2CC2CC1 1.333051489 0 1 0 0 1 0 0 0 0 0
C8H14 C/C=C(C)/C(C)=C/C 1.302931057 1 0 0 0 1 0 0 0 0 0
C8H14 C\C=C(C)/C(C)=C/C 0.915130495 1 0 0 0 1 0 0 0 0 0
C8H14 CCCC#CCCC 16.22070251 1 0 0 0 1 0 0 0 0 0
C8H14 CCCCC#CCC 16.41899536 1 0 0 0 1 0 0 0 0 0
C8H14 CCCCCC#CC 15.36289771 1 0 0 0 1 0 0 0 0 0
C8H14N2 CC12CCC(C)(CC1)N=N2 18.91614979 0 1 0 0 0 1 0 0 0 0
C8H14N2O2 CCOC(COC)n1ccnc1 -55.26366161 0 0 1 1 0 1 1 0 0 1
C8H14O OC1CC2CCC1CC2 -62.82445493 1 0 0 0 0 0 1 0 0 0
C8H14O O=C1CCCCCCC1 -56.45398356 1 0 0 0 0 0 1 0 0 0
C8H14O C1CC2CCC1COC2 -50.98022255 0 0 0 1 0 0 1 0 0 0
C8H14O C1CCCC2OC2CC1 -29.73778789 0 0 0 1 0 0 1 0 0 0
C8H14O2 CC(=O)OC1CCCCC1 -119.0094595 0 1 0 0 0 0 1 0 0 0
C8H14O2 CCCCC(=O)CC(C)=O -102.7412887 1 0 0 0 0 0 1 0 0 0
C8H14O2 CC(C)CC(=O)CC(C)=O -104.4154827 1 0 0 0 0 0 1 0 0 0
C8H14O2 CCCC(C(C)=O)C(C)=O -104.5372194 1 0 0 0 0 0 1 0 0 0
C8H14O2 CC(C)C(C(C)=O)C(C)=O -102.521033 1 0 0 0 0 0 1 0 0 0
C8H14O2 O=C1CCCCCCCO1 -105.2569723 0 0 0 1 0 0 1 0 0 0
C8H14O2 CCC(C)OC(=O)\C=C\C -102.8937734 1 0 0 0 0 0 1 0 0 0
C8H14O2 C/C=C/CC(=O)OC(C)C -101.5509041 1 0 0 0 0 0 1 0 0 0
C8H14O2 C/C=C/C(=O)OC(C)(C)C -105.5694717 1 0 0 0 0 0 1 0 0 0
C8H14O2 CC(C)OC(=O)CCC=C -99.86855248 1 0 0 0 0 0 1 0 0 0
C8H14O2 CCCCOC(=O)\C=C\C -98.91599381 1 0 0 0 0 0 1 0 0 0
C8H14O2 CCCOC(=O)\C=C\CC -98.60349433 1 0 0 0 0 0 1 0 0 0
C8H14O2 CCCOC(=O)C\C=C\C -97.22862211 1 0 0 0 0 0 1 0 0 0
C8H14O2 CCCOC(=O)CCC=C -94.92189903 1 0 0 0 0 0 1 0 0 0
C8H14O3 COC(=O)OC1CCCCC1 -158.1745375 0 1 0 0 0 0 1 0 0 1
C8H15ClO2 CCC(Cl)C(=O)OCC(C)C -133.0455286 1 0 0 0 0 0 1 0 1 0
C8H15ClO2 CC(C)COC(=O)CCCCl -134.2534835 1 0 0 0 0 0 1 0 1 0
C8H15ClO2 CC(C)CCOC(=O)C(C)Cl -131.986921 1 0 0 0 0 0 1 0 1 0
C8H15ClO2 CC(C)COC(=O)CC(C)Cl -137.1739104 1 0 0 0 0 0 1 0 1 0
C8H15ClO2 CCCCOC(=O)CCCCl -133.14091 1 0 0 0 0 0 1 0 1 0
C8H15ClO2 CCCCOC(=O)CC(C)Cl -134.9663337 1 0 0 0 0 0 1 0 1 0
C8H15ClO2 CC(C)CCOC(=O)CCCl -132.7505994 1 0 0 0 0 0 1 0 1 0
C8H15N CCCCCCCC#N -12.24707003 1 0 0 0 0 1 0 0 0 0
C8H15N C1CC2CCC1CNC2 -8.103000594 0 0 0 1 0 1 0 0 0 0
C8H16 CCC1CCCCC1 -38.99576404 0 1 0 0 1 0 0 0 0 0
C8H16 C1CCCCCCC1 -28.76736734 0 1 0 0 1 0 0 0 0 0
C8H16 CC(C)/C=C/C(C)C -25.82497764 1 0 0 0 1 0 0 0 0 0
C8H16 CC/C=C/C(C)(C)C -26.46189927 1 0 0 0 1 0 0 0 0 0
C8H16 CC(C)\C=C/C(C)C -24.39551213 1 0 0 0 1 0 0 0 0 0
C8H16 CC(=C)CC(C)(C)C -27.06932798 1 0 0 0 1 0 0 0 0 0
C8H16 CC(C)=CC(C)(C)C -25.84694045 1 0 0 0 1 0 0 0 0 0
C8H16 CCC(CC)C(C)=C -21.32950316 1 0 0 0 1 0 0 0 0 0
C8H16 CC\C=C/C(C)(C)C -22.38873835 1 0 0 0 1 0 0 0 0 0
C8H16 CCCCCCC=C -19.23299559 1 0 0 0 1 0 0 0 0 0
C8H16N2 CC1(C)CCC(C)(C)N=N1 9.099331882 0 0 0 1 0 1 0 0 0 0
C8H16O CCCCC(=O)CCC -76.58830445 1 0 0 0 0 0 1 0 0 0
C8H16O CCCCCCC(C)=O -76.06056938 1 0 0 0 0 0 1 0 0 0
C8H16O CCCCCC(=O)CC -76.82613036 1 0 0 0 0 0 1 0 0 0
C8H16O CC(C)C(=O)C(C)(C)C -81.40004346 1 0 0 0 0 0 1 0 0 0
C8H16O CC(C)C(C)(C)C(C)=O -80.13498532 1 0 0 0 0 0 1 0 0 0
C8H16O CCCCCCCC=O -69.69135303 1 0 0 0 0 0 1 0 0 0
C8H16O2 CCCCC(CC)C(O)=O -128.8112172 1 0 0 0 0 0 1 0 0 0
C8H16O2 CCCCCCCC(O)=O -128.1630004 1 0 0 0 0 0 1 0 0 0
C8H16O2 CCCC(=O)OC(C)CC -130.4245428 1 0 0 0 0 0 1 0 0 0
C8H16O2 CCCCC(=O)OC(C)C -130.2946485 1 0 0 0 0 0 1 0 0 0
C8H16O2 CC(C)COC(=O)C(C)C -129.3828779 1 0 0 0 0 0 1 0 0 0
C8H16O2 CCCCCC(=O)OCC -125.8575323 1 0 0 0 0 0 1 0 0 0
C8H16O2 CCCCCCC(=O)OC -123.2753328 1 0 0 0 0 0 1 0 0 0
C8H16O2 CC1CC(C)OC(C)(C)O1 -116.0985124 0 0 0 1 0 0 1 0 0 1
C8H16O2 COC1(CCCCC1)OC -108.5188312 0 1 0 0 0 0 1 0 0 1
C8H16O2 CC(C)CCOCC1CO1 -77.04799979 0 0 0 1 0 0 1 0 0 0
C8H16O3 CC(C)(O)C1(C)OCCCO1 -150.433026 0 0 0 1 0 0 1 0 0 1
C8H16O3 COCCOC1CCCCO1 -134.5990915 0 0 0 1 0 0 1 0 0 0
C8H16O4 C1COCCOCCOCCO1 -148.8150391 0 0 0 1 0 0 1 0 0 0
C8H17Cl CCCCCCCCCl -56.46995499 1 0 0 0 0 0 0 0 1 0
C8H17N CCCCN=CC(C)C -20.16253567 1 0 0 0 0 1 0 0 0 0
C8H17NO CCCC/C(CCC)=N/O -39.62696858 1 0 0 0 0 1 1 0 0 0
C8H17NO CCCCCC\C(C)=N\O -39.62947862 1 0 0 0 0 1 1 0 0 0
C8H17NO CCCCC/C(CC)=N/O -39.6006132 1 0 0 0 0 1 1 0 0 0
C8H17NO CCCCCCC\C=N/O -33.96118982 1 0 0 0 0 1 1 0 0 0
C8H17NO2 NCCCCCCCC(O)=O -119.6158996 1 0 0 0 0 1 1 0 0 0
C8H18 CC(C)CC(C)(C)C -53.76739301 1 0 0 0 1 0 0 0 0 0
C8H18 CCCCC(C)(C)C -54.01902412 1 0 0 0 1 0 0 0 0 0
C8H18 CC(C)CC(C)(C)C -53.11980372 1 0 0 0 1 0 0 0 0 0
C8H18 CC(C)CCC(C)C -52.66046714 1 0 0 0 1 0 0 0 0 0
C8H18 CCCC(C)(C)CC -52.48476462 1 0 0 0 1 0 0 0 0 0
C8H18 CCC(C)CC(C)C -52.23438852 1 0 0 0 1 0 0 0 0 0
C8H18 CCC(C)C(C)(C)C -52.95225882 1 0 0 0 1 0 0 0 0 0
C8H18 CC(C)C(C)C(C)C -51.88172847 1 0 0 0 1 0 0 0 0 0
C8H18 CCC(C)(C)C(C)C -51.97522731 1 0 0 0 1 0 0 0 0 0
C8H18 CCCCCC(C)C -51.28120235 1 0 0 0 1 0 0 0 0 0
C8H18 CCC(C)(CC)CC -52.07123618 1 0 0 0 1 0 0 0 0 0
C8H18 CCCC(C)C(C)C -50.78672526 1 0 0 0 1 0 0 0 0 0
C8H18 CCC(C)C(C)CC -50.59282498 1 0 0 0 1 0 0 0 0 0
C8H18 CCCCC(C)CC -50.61729783 1 0 0 0 1 0 0 0 0 0
C8H18 CCCC(C)CCC -50.47736332 1 0 0 0 1 0 0 0 0 0
C8H18 CCC(CC)C(C)C -50.17302146 1 0 0 0 1 0 0 0 0 0
C8H18 CCCC(CC)CC -49.79839859 1 0 0 0 1 0 0 0 0 0
C8H18 CCCCCCCC -49.77957332 1 0 0 0 1 0 0 0 0 0
C8H18N2 CC(C)(C)N=NC(C)(C)C -10.0861954 1 0 0 0 0 1 0 0 0 0
C8H18N2 CCCCN=NCCCC 3.085218512 1 0 0 0 0 1 0 0 0 0
C8H18N2O CC(C)CN(CC(C)C)N=O -23.04775254 1 0 0 0 0 1 1 0 0 1
C8H18O CCC(C)OC(C)(C)C -89.4410109 1 0 0 0 0 0 1 0 0 0
C8H18O CC(C)COC(C)(C)C -88.41315116 1 0 0 0 0 0 1 0 0 0
C8H18O CCCCC(CC)CO -86.27773803 1 0 0 0 0 0 1 0 0 0
C8H18O CC(C)(C)OC(C)(C)C -88.09374908 1 0 0 0 0 0 1 0 0 0
C8H18O CCCCOC(C)(C)C -86.36809933 1 0 0 0 0 0 1 0 0 0
C8H18O CCC(C)OC(C)CC -86.35178409 1 0 0 0 0 0 1 0 0 0
C8H18O CCCCCCCCO -85.47703655 1 0 0 0 0 0 1 0 0 0
C8H18O CCCCOCCCC -79.39961188 1 0 0 0 0 0 1 0 0 0
C8H18O2 CC(C)OC(C)OC(C)C -125.7728857 1 0 0 0 0 0 1 0 0 0
C8H18O2 OCCCCCCCCO -121.2397607 1 0 0 0 0 0 1 0 0 0
C8H18O2 CC(C)(C)OOC(C)(C)C -82.10139688 1 0 0 0 0 0 1 0 0 0
C8H18O2S CCOC(C)(OCC)SCC -111.9781831 1 0 0 0 0 0 1 1 0 1
C8H18O5 CCOCOCOCOCOCC -210.592471 1 0 0 0 0 0 1 0 0 0
C8H18S CC(C)(C)SC(C)(C)C -46.29233347 1 0 0 0 0 0 0 1 0 0
C8H18S CC(C)CSCC(C)C -43.2470323 1 0 0 0 0 0 0 1 0 0
C8H18S CCCCSCCCC -39.59304739 1 0 0 0 0 0 0 1 0 0
C8H18S2 CC(C)(C)SSC(C)(C)C -49.00300002 1 0 0 0 0 0 0 1 0 0
C8H18S2 CC(C)CSSCC(C)C -42.46498375 1 0 0 0 0 0 0 1 0 0
C8H18S2 CCCCSSCCCC -36.64170023 1 0 0 0 0 0 0 1 0 0
C8H19N CCC(C)NC(C)CC -41.08689039 1 0 0 0 0 1 0 0 0 0
C8H19N CCCCNCC(C)C -38.80589517 1 0 0 0 0 1 0 0 0 0
C8H19N CCCCCCCCN -41.2826732 1 0 0 0 0 1 0 0 0 0
C8H19N CCCCNCCCC -36.93340832 1 0 0 0 0 1 0 0 0 0
C8H4N2 N#Cc1ccc(cc1)C#N 84.70578394 0 1 1 0 0 1 0 0 0 0
C8H4N2 N#Cc1cccc(c1)C#N 84.94298234 0 1 1 0 0 1 0 0 0 0
C8H4N2 N#Cc1ccccc1C#N 86.42202105 0 1 1 0 0 1 0 0 0 0
C8H5NO O=C(C#N)c1ccccc1 27.35311725 0 1 1 0 0 1 1 0 0 0
C8H6 C#CC1=CC=CC=C1 76.26667967 0 1 1 0 1 0 0 0 0 0
C8H6ClNO Cc1ccc(cc1Cl)N=C=O -13.1092384 0 1 1 0 0 1 1 0 1 1
C8H6N2 c1ccc2nccnc2c1 61.86438923 0 0 1 1 0 1 0 0 0 0
C8H6N2 c1ccc2ncncc2c1 58.28758793 0 0 1 1 0 1 0 0 0 0
C8H6N2 c1ccc2cnncc2c1 80.23910776 0 0 1 1 0 1 0 0 0 1
C8H6O o1ccc2ccccc12 3.198545453 0 0 1 1 0 0 1 0 0 0
C8H6O3 OC(=O)C(=O)c1ccccc1 -93.94558532 0 1 1 0 0 0 1 0 0 0
C8H6S s1ccc2ccccc12 39.22813328 0 0 1 1 0 0 0 1 0 0
C8H7ClO Cc1ccc(cc1)C(Cl)=O -34.12501019 0 1 1 0 0 0 1 0 1 1
C8H7ClO2 COC(=O)c1ccc(Cl)cc1 -73.98474062 0 1 1 0 0 0 1 0 1 0
C8H7ClO2 COc1ccc(cc1)C(Cl)=O -63.32775527 0 1 1 0 0 0 1 0 1 1
C8H8 C=Cc1ccccc1 35.67305535 0 1 1 0 1 0 0 0 0 0
C8H8 C/1=C/C=C\C=C/C=C1 71.8075336 0 1 0 0 1 0 0 0 0 0
C8H8 CC#CC#CC1CC1 114.8753588 0 1 0 0 1 0 0 0 0 0
C8H8 C12C3C4C1C5C2C3C45 144.9788481 0 1 0 0 1 0 0 0 0 0
C8H8O CC(=O)c1ccccc1 -19.82733691 0 1 1 0 0 0 1 0 0 0
C8H8O C1Cc2ccccc2O1 -12.17235462 0 0 1 1 0 0 1 0 0 0
C8H8O OC(=C)c1ccccc1 -7.480469823 0 1 1 0 0 0 1 0 0 0
C8H8O C1OCc2ccccc12 -8.165082142 0 0 1 1 0 0 1 0 0 0
C8H8O C=COc1ccccc1 5.050884907 0 1 1 0 0 0 1 0 0 0
C8H8O2 Cc1ccc(cc1)C(O)=O -73.18102087 0 1 1 0 0 0 1 0 0 0
C8H8O2 Cc1cccc(c1)C(O)=O -73.63470988 0 1 1 0 0 0 1 0 0 0
C8H8O2 Cc1ccccc1C(O)=O -72.08037009 0 1 1 0 0 0 1 0 0 0
C8H8O2 CC(=O)Oc1ccccc1 -65.25432718 0 1 1 0 0 0 1 0 0 0
C8H8O2 COC(=O)c1ccccc1 -66.18429552 0 1 1 0 0 0 1 0 0 0
C8H8O3 COc1ccc(cc1)C(O)=O -102.6146893 0 1 1 0 0 0 1 0 0 0
C8H8O3 COc1cccc(c1)C(O)=O -101.7098213 0 1 1 0 0 0 1 0 0 0
C8H8O3 COc1ccccc1C(O)=O -105.1968888 0 1 1 0 0 0 1 0 0 0
C8H9NO CN(C=O)c1ccccc1 -15.6608764 0 1 1 0 0 1 1 0 0 1
C8H9NO Cc1cccc(C)c1N=O 33.44797794 0 1 1 0 0 1 1 0 0 1
C8H9NO2 NC(C(O)=O)c1ccccc1 -64.78891476 0 1 1 0 0 1 1 0 0 0
C9H10 C1Cc2ccccc2C1 14.37800777 0 1 1 0 1 0 0 0 0 0
C9H10 C\C=C/c1ccccc1 29.94023097 0 1 1 0 1 0 0 0 0 0
C9H10 C1CC1c2ccccc2 38.02505692 0 1 1 0 1 0 0 0 0 0
C9H10 C1CC2=C1C34CCC23C4 163.496109 0 1 0 0 1 0 0 0 0 0
C9H10 C1C2\C=C/C=C\C=C/C12 153.7446191 0 1 0 0 1 0 0 0 0 0
C9H10ClNO CN(C)C(=O)c1ccc(Cl)cc1 -29.16967302 0 1 1 0 0 1 1 0 1 0
C9H10O CC(=O)Cc1ccccc1 -24.36601166 0 1 1 0 0 0 1 0 0 0
C9H10O C1COc2ccccc2C1 -21.32573055 0 0 1 1 0 0 1 0 0 0
C9H10O C1Cc2ccccc2CO1 -17.3968967 0 0 1 1 0 0 1 0 0 0
C9H10O2 Cc1cc(C)cc(c1)C(O)=O -81.75018593 0 1 1 0 0 0 1 0 0 0
C9H10O2 CCc1ccc(cc1)C(O)=O -78.40430794 0 1 1 0 0 0 1 0 0 0
C9H10O2 Cc1ccc(c(C)c1)C(O)=O -79.12217824 0 1 1 0 0 0 1 0 0 0
C9H10O2 Cc1ccc(C)c(c1)C(O)=O -78.96090843 0 1 1 0 0 0 1 0 0 0
C9H10O2 CCc1cccc(c1)C(O)=O -78.36979495 0 1 1 0 0 0 1 0 0 0
C9H10O2 Cc1cccc(C(O)=O)c1C -79.29662574 0 1 1 0 0 0 1 0 0 0
C9H10O2 Cc1cccc(C)c1C(O)=O -79.08139015 0 1 1 0 0 0 1 0 0 0
C9H10O2 CCc1ccccc1C(O)=O -77.33252257 0 1 1 0 0 0 1 0 0 0
C9H10O2 COC(=O)c1ccc(C)cc1 -75.0270545 0 1 1 0 0 0 1 0 0 0
C9H10O2 COc1ccc(cc1)C(C)=O -57.72286632 0 1 1 0 0 0 1 0 0 0
C9H10O2 COc1cccc(c1)C(C)=O -57.53837867 0 1 1 0 0 0 1 0 0 0
C9H10O2 COc1ccccc1C(C)=O -54.66124991 0 1 1 0 0 0 1 0 0 0
C9H10O2 C1COC(O1)c2ccccc2 -48.43322308 0 1 0 1 0 0 1 0 0 0
C9H10O2 C1OC1COc2ccccc2 -25.33649932 0 0 1 1 0 0 1 0 0 0
C9H10O3 COC(=O)c1ccc(OC)cc1 -104.0308792 0 1 1 0 0 0 1 0 0 0
C9H10O4 COc1ccc(OC)c(c1)C(O)=O -141.6027118 0 1 1 0 0 0 1 0 0 0
C9H10O5 CC(=O)OC(OC(C)=O)c1occc1 -190.4232708 0 0 1 1 0 0 1 0 0 0
C9H11N C1CCc2ncccc2C1 16.69331673 0 0 1 1 0 1 0 0 0 0
C9H11N C1CNc2ccccc2C1 19.06153569 0 1 1 0 0 1 0 0 0 0
C9H11N N#CC1CC2CCC1C=C2 35.72252715 1 0 0 0 0 1 0 0 0 0
C9H11NO CN(C)C(=O)c1ccccc1 -21.36169782 0 1 1 0 0 1 1 0 0 0
C9H11NO2 NC(Cc1ccccc1)C(O)=O -75.45709742 0 1 1 0 0 1 1 0 0 0
C9H11NO3 NC(Cc1ccc(O)cc1)C(O)=O -118.5020635 0 1 1 0 0 1 1 0 0 0
C9H11NS CN(C)C(=S)c1ccccc1 34.69483974 0 1 1 0 0 1 0 1 0 1
C9H12 Cc1cc(C)cc(C)c1 -5.113116394 0 1 1 0 1 0 0 0 0 0
C9H12 Cc1ccc(C)c(C)c1 -3.516733498 0 1 1 0 1 0 0 0 0 0
C9H12 Cc1cccc(C)c1C -2.396002424 0 1 1 0 1 0 0 0 0 0
C9H12 CCc1ccccc1C -0.298867346 0 1 1 0 1 0 0 0 0 0
C9H12 CCCc1ccccc1 1.810190403 0 1 1 0 1 0 0 0 0 0
C9H12 C1C=CCC2C=CCC12 25.10018694 0 1 0 0 1 0 0 0 0 0
C9H12 C/C=C1/CC2CC1C=C2 34.60192822 0 1 0 0 1 0 0 0 0 0
C9H12 C=CC1CC2CC1C=C2 38.02247977 0 1 0 0 1 0 0 0 0 0
C9H12 C/1\C=C/C/C=C\C/C=C1 45.73519289 0 1 0 0 1 0 0 0 0 0
C9H12 CC(C)([CH]=[C]=[CH2])[CH]=[C]=[CH2] 77.77893998 1 0 0 0 1 0 0 0 0 0
C9H12 C1CC12C3(CC3)C24CC4 104.1587908 0 1 0 0 1 0 0 0 0 0
C9H12 C1CC12CC23CC34CC4 104.6005572 0 0 1 0 1 0 0 0 0 0
C9H12O Cc1cc(C)c(O)c(C)c1 -45.87645978 0 1 1 0 0 0 1 0 0 0
C9H12O CC(C)c1ccccc1O -41.22159802 0 1 1 0 0 0 1 0 0 0
C9H12O CC(C)c1cccc(O)c1 -41.50272205 0 1 1 0 0 0 1 0 0 0
C9H12O CC(C)c1ccc(O)cc1 -41.02330518 0 1 1 0 0 0 1 0 0 0
C9H12O2 CC(C)c1cccc(O)c1O -83.63278004 0 1 1 0 0 0 1 0 0 0
C9H12O2 COC(OC)c1ccccc1 -60.83349555 0 1 1 0 0 0 1 0 0 0
C9H12O2 CC(C)(OO)c1ccccc1 -22.00449365 0 1 1 0 0 0 1 0 0 0
C9H12S CCSCc1ccccc1 11.27382596 0 1 1 0 0 0 0 1 0 0
C9H13N CN(C)c1ccc(C)cc1 16.62296861 0 0 0 1 0 1 0 0 0 0
C9H13N CN(C)c1cccc(C)c1 16.09460603 0 0 0 1 0 1 0 0 0 0
C9H13NO CN(C)\C=C\C=C\C=C\C=O 10.13855936 1 0 0 0 0 1 1 0 0 0
C9H14 C1CC2CC=CC(C1)C2 -7.077286678 1 0 0 0 1 0 0 0 0 0
C9H14 CC1=CC2CCC1CC2 -4.192000296 1 0 0 0 1 0 0 0 0 0
C9H14 C=C1CC2CCC1CC2 -2.412384772 1 0 0 0 1 0 0 0 0 0
C9H14 CC1CC2CCC1C=C2 -1.237060415 1 0 0 0 1 0 0 0 0 0
C9H14 C1CC2CCC(C1)C=C2 1.203949595 1 0 0 0 1 0 0 0 0 0
C9H14 C1CC2CCC=C(C1)C2 9.975270397 1 0 0 0 1 0 0 0 0 0
C9H14 C1CC=C2CCC(C1)C2 28.07074743 0 1 0 0 1 0 0 0 0 0
C9H14O O=C1CC2CCCC(C2)C1 -61.13566325 0 1 0 0 0 0 1 0 0 0
C9H14O O=C1CC2CCCCC2C1 -59.67419479 0 1 0 0 0 0 1 0 0 0
C9H14O O=C1CC2CCCCC2C1 -59.67419479 0 1 0 0 0 0 1 0 0 0
C9H14O O=C1C2CCCC1CCC2 -55.79932671 0 1 0 0 0 0 1 0 0 0
C9H14O6 CC(=O)OCC(COC(C)=O)OC(C)=O -283.0070691 1 0 0 0 0 0 1 0 0 0
C9H16 C1CCC2CCCC2C1 -31.00050691 0 1 0 0 1 0 0 0 0 0
C9H16 CC12CCC(C)(CC1)C2 -31.8432515 0 1 0 0 1 0 0 0 0 0
C9H16 CC1C2CCC(C2)C1C -26.9838218 0 1 0 0 1 0 0 0 0 0
C9H16 C1CCCC2CC2CC1 3.43216694 0 1 0 0 1 0 0 0 0 0
C9H16 CCCCC#CCCC 10.6108699 1 0 0 0 1 0 0 0 0 0
C9H16N2 CC(C)(C#N)N1CCCCC1 9.597111479 0 0 0 1 0 1 0 0 0 0
C9H16N2O2 CCOC(C)(OCC)n1ccnc1 -75.57414757 1 0 0 0 0 1 1 0 0 1
C9H16O O=C1CCCCCCCC1 -61.97721993 1 0 0 0 0 0 1 0 0 0
C9H16O2 CCC(=O)CC(=O)C(C)(C)C -111.3681846 1 0 0 0 0 0 1 0 0 0
C9H16O2 CC(C)C(=O)CC(=O)C(C)C -109.3225052 1 0 0 0 0 0 1 0 0 0
C9H16O2 O=C1CCCCCCCCO1 -111.2414277 0 0 0 1 0 0 1 0 0 0
C9H16O2 CCCCC(C(C)=O)C(C)=O -109.688343 1 0 0 0 0 0 1 0 0 0
C9H16O2 C/C=C/C(=O)OCCC(C)C -105.3754736 1 0 0 0 0 0 1 0 0 0
C9H16O2 CCCCOC(=O)/C=C/CC -103.5839354 1 0 0 0 0 0 1 0 0 0
C9H16O2 CCCCOC(=O)C\C=C\C -102.2078082 1 0 0 0 0 0 1 0 0 0
C9H16O2 CCCCOC(=O)CCC=C -99.92179289 1 0 0 0 0 0 1 0 0 0
C9H16OS CC1(C)CC(=O)CC(C)(C)S1 -69.89683869 0 0 0 1 0 0 1 1 0 0
C9H17ClO2 CC(C)CCOC(=O)CC(C)Cl -141.3869079 1 0 0 0 0 0 1 0 1 0
C9H17N C1CC[C@@H]2NCCC[C@H]2C1 -27.51363865 0 0 0 1 0 1 0 0 0 0
C9H17N CC1CCC2CCC(C)N12 -17.7075555 0 0 0 1 0 1 0 0 0 0
C9H17N5S CCNc1nc(NC(C)C)nc(SC)n1 2.541041977 0 0 1 1 0 1 0 1 0 1
C9H17NO2 CC1(C)CC(=O)CC(C)(C)N1O -74.89442319 0 0 0 1 0 1 1 0 0 1
C9H18 CC1CC(C)CC(C)C1 -49.86286705 0 1 0 0 1 0 0 0 0 0
C9H18 CCCC1CCCCC1 -44.12994483 0 1 0 0 1 0 0 0 0 0
C9H18N2 CCCC(C#N)N(CC)CC 0.711516925 1 0 0 0 0 1 0 0 0 0
C9H18O CC(C)CC(=O)CC(C)C -84.53309805 1 0 0 0 0 0 1 0 0 0
C9H18O CC(=O)C(C)(C)C(C)(C)C -84.92027111 1 0 0 0 0 0 1 0 0 0
C9H18O CC(C)(C)C(=O)C(C)(C)C -83.08104223 1 0 0 0 0 0 1 0 0 0
C9H18O CCCCC(=O)CCCC -81.65408676 1 0 0 0 0 0 1 0 0 0
C9H18O CCCCCCCC(C)=O -81.87183238 1 0 0 0 0 0 1 0 0 0
C9H18O2 CCCCCCCCC(O)=O -133.2011723 1 0 0 0 0 0 1 0 0 0
C9H18O2 CCCC(=O)OCC(C)(C)C -135.7281511 1 0 0 0 0 0 1 0 0 0
C9H18O2 CCCCC(=O)OC(C)CC -135.6032768 1 0 0 0 0 0 1 0 0 0
C9H18O2 CCCCC(=O)OCC(C)C -132.5962536 1 0 0 0 0 0 1 0 0 0
C9H18O2 CCCCOC(=O)C(C)(C)C -134.7128415 1 0 0 0 0 0 1 0 0 0
C9H18O2 CCCCOC(=O)CCCC -130.7080791 1 0 0 0 0 0 1 0 0 0
C9H18O2 CCCCOC(=O)C(C)CC -132.5837035 1 0 0 0 0 0 1 0 0 0
C9H18O2 CCCCCCC(=O)OCC -130.9069994 1 0 0 0 0 0 1 0 0 0
C9H18O2 CCCCCCCC(=O)OC -128.3291924 1 0 0 0 0 0 1 0 0 0
C9H18O3 CCOC1OC(C)(C)C(C)(C)O1 -164.5223878 0 0 0 1 0 0 1 0 0 1
C9H19N CC1(C)CCCC(C)(C)N1 -41.89307449 0 0 0 1 0 1 0 0 0 0
C9H19NS2 CC(C)CN(CC(C)C)C(S)=S -19.35009652 1 0 0 0 0 1 0 1 0 1
C9H20 CC(C)CCC(C)(C)C -60.56949273 1 0 0 0 1 0 0 0 0 0
C9H20 CCCCCC(C)(C)C -58.36254357 1 0 0 0 1 0 0 0 0 0
C9H20 CCC(C)CC(C)(C)C -57.44638043 1 0 0 0 1 0 0 0 0 0
C9H20 CC(C)CC(C)C(C)C -57.80782562 1 0 0 0 1 0 0 0 0 0
C9H20 CC(C)(C)CC(C)(C)C -58.42905953 1 0 0 0 1 0 0 0 0 0
C9H20 CCCC(C)C(C)(C)C -58.183076 1 0 0 0 1 0 0 0 0 0
C9H20 CCC(C)(C)CC(C)C -57.11882073 1 0 0 0 1 0 0 0 0 0
C9H20 CC(C)C(C)C(C)(C)C -53.87334419 1 0 0 0 1 0 0 0 0 0
C9H20 CCC(C)(C)C(C)(C)C -57.70742418 1 0 0 0 1 0 0 0 0 0
C9H20 CC(C)C(C)(C)C(C)C -56.92178291 1 0 0 0 1 0 0 0 0 0
C9H20 CCC(CC)(CC)CC -52.48717681 1 0 0 0 1 0 0 0 0 0
C9H20 CCCCCCCCC -54.82213779 1 0 0 0 1 0 0 0 0 0
C9H20 CCC(C(C)C)C(C)C -55.36116803 1 0 0 0 1 0 0 0 0 0
C9H20N2O CCN(CC)C(=O)N(CC)CC -74.98218206 1 0 0 0 0 1 1 0 0 0
C9H20O CC(C)(C)C(O)C(C)(C)C -95.18764048 1 0 0 0 0 0 1 0 0 0
C9H20O CC(CCO)CC(C)(C)C -90.52399359 1 0 0 0 0 0 1 0 0 0
C9H20O CCCCCOC(C)(C)C -91.13895241 1 0 0 0 0 0 1 0 0 0
C9H20O2 OCCCCCCCCCO -126.2980129 1 0 0 0 0 0 1 0 0 0
C9H20O2 CCCCOCOCCCC -119.8422003 1 0 0 0 0 0 1 0 0 0
C9H20O3 CCOCC(O)COC(C)(C)C -162.8752438 1 0 0 0 0 0 1 0 0 0
C9H20O4 CCOC(OCC)(OCC)OCC -208.5984183 1 0 0 0 0 0 1 0 0 1
C9H20O4 CCOCC(O)COOC(C)(C)C -149.5874719 1 0 0 0 0 0 1 0 0 0
C9H21N CCCN(CCC)CCC -39.29148929 1 0 0 0 0 1 0 0 0 0
C9H5Cl2NO Oc1c(Cl)cc(Cl)c2cccnc12 -7.790187875 0 1 1 0 0 1 1 0 1 0
C9H6ClNO Oc1ccc(Cl)c2cccnc12 0.824136392 0 0 1 1 0 1 1 0 1 0
C9H6O2 O=C1Oc2ccccc2C=C1 -40.50953271 0 0 1 1 0 0 1 0 0 0
C9H6O2 O=C1C=COc2ccccc12 -30.94817808 0 0 1 1 0 0 1 0 0 0
C9H7N c1ccc2ncccc2c1 47.37550351 0 0 1 1 0 1 0 0 0 0
C9H7N c1ccc2cnccc2c1 48.40336325 0 0 1 1 0 1 0 0 0 0
C9H7NO O=C1Nc2ccccc2C=C1 -7.385055631 0 0 1 1 0 1 1 0 0 0
C9H7NO O=C1C=CNc2ccccc12 1.996831428 0 0 1 1 0 1 1 0 0 0
C9H7NO O=C(CC#N)c1ccccc1 16.97735378 0 1 1 0 0 1 1 0 0 0
C9H7NO o1ccc(n1)c2ccccc2 40.72731442 0 0 1 1 0 1 1 0 0 0
C9H7NO o1nccc1c2ccccc2 39.54445995 0 0 1 1 0 1 1 0 0 0
C9H7NO2 CN1C(=O)c2ccccc2C1=O -56.06819011 0 0 1 1 0 1 1 0 0 0
C9H8 CC#Cc1ccccc1 66.52783784 0 1 1 0 1 0 0 0 0 0
C9H8N2 Nc1cccc2cccnc12 45.23361604 0 0 1 1 0 1 0 0 0 0
C9H8N2 Nc1ccc2ncccc2c1 47.95135752 0 0 1 1 0 1 0 0 0 0
C9H8N2 Nc1cnc2ccccc2c1 48.42073426 0 0 1 1 0 1 0 0 0 0
C9H8O2 OC(=O)\C=C\c1ccccc1 -50.09417229 0 1 1 0 0 0 1 0 0 0
C9H9N Cc1cccc(C)c1C#N 33.06760369 0 1 1 0 0 1 0 0 0 0
